SC:1.0
 acc:0.4508875739644971,nmi:0.2598955115503273，Ari:0.07519075357268466,stdnmi:0.05643369949143842,stdacc:0.07985615228614434,stdari:0.06375477366262954
View:2, acc:0.5159763313609468,nmi:0.2956433248486211，Ari:0.18875527278700543,stdnmi:0.07432103416855661,stdacc:0.08419140116764331,stdari:0.13356521006722857
View:3, acc:0.42485207100591715,nmi:0.28866390320446034，Ari:0.06461217566238499,stdnmi:0.04402621358044563,stdacc:0.09239215907727119,stdari:0.0867326235343129
