SC:70.0
loss:-9964.369140625 epoch:490 acc:0.7795620437956204 nmi:0.6174122774317425 accMax:0.7927007299270074 nmiMax:0.6365403338648583 ariMax:0.6929453570545889 curepoch:430
hid_units:256,lr:0.01,l2_coef:1e-05,reg_coef:0.0001,acc:0.7883211678832117,nmi:0.63245504331127，Ari:0.6910586428375106,stdnmi:0.0,stdacc:0.0,stdari:0.0

