SC:5.0
loss:-5895.580078125 epoch:490 acc:0.9226277372262773 nmi:0.7860006062118177 accMax:0.92992700729927 nmiMax:0.804886255158602 ariMax:0.8354638579737934 curepoch:190
hid_units:256,lr:0.01,l2_coef:1e-05,reg_coef:0.0001,acc:0.9211678832116789,nmi:0.7815530482302473，Ari:0.8145519478525163,stdnmi:0.0,stdacc:0.0,stdari:0.0

