SC:1.0
loss:-3173.728515625 epoch:490 acc:0.9065693430656935 nmi:0.7511333498727983 accMax:0.910948905109489 nmiMax:0.7579685227350124 ariMax:0.7960721629876522 curepoch:170
hid_units:256,lr:0.01,l2_coef:1e-05,reg_coef:0.0001,acc:0.9036496350364963,nmi:0.7470604407992884，Ari:0.7869372464095,stdnmi:0.0,stdacc:0.0,stdari:0.0

