SC:3.0
loss:-3670.239990234375 epoch:490 acc:0.9167883211678832 nmi:0.7737058451940637 accMax:0.9211678832116789 nmiMax:0.785415197855548 ariMax:0.8181499538010766 curepoch:240
hid_units:256,lr:0.01,l2_coef:1e-05,reg_coef:0.0001,acc:0.9167883211678832,nmi:0.772319458244204，Ari:0.8087160093512495,stdnmi:0.0,stdacc:0.0,stdari:0.0

