SC:7.0
loss:-7635.95361328125 epoch:490 acc:0.8846715328467153 nmi:0.7172495621322184 accMax:0.9197080291970803 nmiMax:0.7782732431197722 ariMax:0.8127087093966118 curepoch:230
hid_units:256,lr:0.01,l2_coef:1e-05,reg_coef:0.0001,acc:0.9065693430656935,nmi:0.7460923202609172，Ari:0.7806957550002509,stdnmi:0.0,stdacc:0.0,stdari:0.0

