SC:9.0
loss:-11646.482421875 epoch:490 acc:0.67007299270073 nmi:0.6612626190474971 accMax:0.910948905109489 nmiMax:0.7653402092301375 ariMax:0.8047843982900389 curepoch:110
hid_units:256,lr:0.01,l2_coef:1e-05,reg_coef:0.0001,acc:0.6510948905109489,nmi:0.6424327047367311，Ari:0.5545149710207078,stdnmi:0.0,stdacc:0.0,stdari:0.0

