SC:30.0
loss:-5130.0205078125 epoch:490 acc:0.7795620437956204 nmi:0.6207843796091758 accMax:0.7897810218978102 nmiMax:0.6435849141915454 ariMax:0.6919988804059157 curepoch:480
hid_units:256,lr:0.01,l2_coef:1e-05,reg_coef:0.0001,acc:0.7824817518248175,nmi:0.6254572844824117，Ari:0.6740677034736015,stdnmi:0.0,stdacc:0.0,stdari:0.0

