SC:6.0
loss:-6111.134765625 epoch:490 acc:0.8861313868613139 nmi:0.7354846046428409 accMax:0.9255474452554745 nmiMax:0.7898651186444255 ariMax:0.8291764247780656 curepoch:80
hid_units:256,lr:0.01,l2_coef:1e-05,reg_coef:0.0001,acc:0.9167883211678832,nmi:0.7687761742734266，Ari:0.8123067726719704,stdnmi:0.0,stdacc:0.0,stdari:0.0

