SC:80.0
loss:-11078.3857421875 epoch:490 acc:0.781021897810219 nmi:0.626759754294937 accMax:0.7956204379562044 nmiMax:0.639862128585407 ariMax:0.7033275614999372 curepoch:470
hid_units:256,lr:0.01,l2_coef:1e-05,reg_coef:0.0001,acc:0.7839416058394161,nmi:0.6323956019702908，Ari:0.6799441070503696,stdnmi:0.0,stdacc:0.0,stdari:0.0

