SC:4.0
loss:-4687.470703125 epoch:490 acc:0.9182481751824818 nmi:0.7731571757487786 accMax:0.927007299270073 nmiMax:0.793446768981753 ariMax:0.8271217419899624 curepoch:90
hid_units:256,lr:0.01,l2_coef:1e-05,reg_coef:0.0001,acc:0.9197080291970803,nmi:0.7766297239131679，Ari:0.8117255385554867,stdnmi:0.0,stdacc:0.0,stdari:0.0

