SC:8.0
loss:-9397.455078125 epoch:490 acc:0.6846715328467153 nmi:0.6628266442541878 accMax:0.9182481751824818 nmiMax:0.7736708464727031 ariMax:0.8158559388433493 curepoch:210
hid_units:256,lr:0.01,l2_coef:1e-05,reg_coef:0.0001,acc:0.6802919708029197,nmi:0.6622964693165702，Ari:0.5869136074779506,stdnmi:0.0,stdacc:0.0,stdari:0.0

