SC:50.0
loss:-6966.89892578125 epoch:490 acc:0.8087591240875912 nmi:0.6598812638422921 accMax:0.8116788321167884 nmiMax:0.6640151075395675 ariMax:0.7203036170528139 curepoch:410
hid_units:256,lr:0.01,l2_coef:1e-05,reg_coef:0.0001,acc:0.8087591240875912,nmi:0.6570296022004317，Ari:0.7111073679381665,stdnmi:0.0,stdacc:0.0,stdari:0.0

