SC:40.0
loss:-8810.0029296875 epoch:490 acc:0.7883211678832117 nmi:0.6438840098956753 accMax:0.8058394160583942 nmiMax:0.6401912957421748 ariMax:0.7023791567636205 curepoch:280
hid_units:256,lr:0.01,l2_coef:1e-05,reg_coef:0.0001,acc:0.8072992700729927,nmi:0.6819996126594123，Ari:0.7391993991537126,stdnmi:0.0,stdacc:0.0,stdari:0.0

