SC:90.0
loss:0.2771906554698944 epoch:490 acc:0.8402366863905325 nmi:0.7508737968953098 accMax:0.8994082840236687 nmiMax:0.7749465444339657 ariMax:0.7908702543389111 curepoch:430
hid_units:256,lr:0.001,l2_coef:1e-05,reg_coef:1e-05,acc:0.8875739644970414,nmi:0.7673417490186514，Ari:0.7639327359608347,stdnmi:0.0,stdacc:0.0,stdari:0.0

