SC:2.0
loss:-0.7254960536956787 epoch:490 acc:0.6449704142011834 nmi:0.6491031529274919 accMax:0.8520710059171598 nmiMax:0.748580490873885 ariMax:0.724287010298869 curepoch:310
hid_units:256,lr:0.001,l2_coef:1e-05,reg_coef:1e-05,acc:0.6449704142011834,nmi:0.6493464392628213，Ari:0.5303451640157067,stdnmi:0.0,stdacc:0.0,stdari:0.0

