SC:50.0
loss:0.10880152136087418 epoch:490 acc:0.7514792899408284 nmi:0.6977516169522039 accMax:0.9053254437869822 nmiMax:0.7785838267815048 ariMax:0.7982610937299918 curepoch:340
hid_units:256,lr:0.001,l2_coef:1e-05,reg_coef:1e-05,acc:0.9053254437869822,nmi:0.7915115063934228，Ari:0.8122165711995993,stdnmi:0.0,stdacc:0.0,stdari:0.0

