SC:5.0
loss:-0.3286170959472656 epoch:490 acc:0.6923076923076923 nmi:0.698791409456735 accMax:0.893491124260355 nmiMax:0.7723743096444807 ariMax:0.787866138805191 curepoch:50
hid_units:256,lr:0.001,l2_coef:1e-05,reg_coef:1e-05,acc:0.6627218934911243,nmi:0.6765861260252017，Ari:0.5628787216060596,stdnmi:0.0,stdacc:0.0,stdari:0.0

