SC:100.0
loss:0.3684486448764801 epoch:490 acc:0.8698224852071006 nmi:0.7583876390693112 accMax:0.8698224852071006 nmiMax:0.7583876390693112 ariMax:0.7222693084573136 curepoch:490
hid_units:256,lr:0.001,l2_coef:1e-05,reg_coef:1e-05,acc:0.8698224852071006,nmi:0.7583876390693112，Ari:0.7222693084573136,stdnmi:0.0,stdacc:0.0,stdari:0.0

