SC:70.0
loss:0.14267469942569733 epoch:490 acc:0.7159763313609467 nmi:0.7197083897345457 accMax:0.9053254437869822 nmiMax:0.7930427111605616 ariMax:0.8016110182590447 curepoch:440
hid_units:256,lr:0.001,l2_coef:1e-05,reg_coef:1e-05,acc:0.7041420118343196,nmi:0.6849122733618342，Ari:0.5578090537670815,stdnmi:0.0,stdacc:0.0,stdari:0.0

