SC:60.0
loss:0.134756937623024 epoch:490 acc:0.7396449704142012 nmi:0.7269112307480465 accMax:0.8698224852071006 nmiMax:0.773068243087483 ariMax:0.729183881068166 curepoch:370
hid_units:256,lr:0.001,l2_coef:1e-05,reg_coef:1e-05,acc:0.8698224852071006,nmi:0.7735738940402773，Ari:0.7306533458549241,stdnmi:0.0,stdacc:0.0,stdari:0.0

