SC:40.0
loss:0.07906042784452438 epoch:490 acc:0.9112426035502958 nmi:0.8016131438953398 accMax:0.9171597633136095 nmiMax:0.8184607131479806 ariMax:0.820751096370836 curepoch:400
hid_units:256,lr:0.001,l2_coef:1e-05,reg_coef:1e-05,acc:0.9053254437869822,nmi:0.7923006554447928，Ari:0.8067353442869181,stdnmi:0.0,stdacc:0.0,stdari:0.0

