SC:9.0
loss:-0.056947797536849976 epoch:490 acc:0.8757396449704142 nmi:0.7446304930265749 accMax:0.8994082840236687 nmiMax:0.7805970331763202 ariMax:0.7961645030648243 curepoch:220
hid_units:256,lr:0.001,l2_coef:1e-05,reg_coef:1e-05,acc:0.893491124260355,nmi:0.7744226973820528，Ari:0.7836283845280618,stdnmi:0.0,stdacc:0.0,stdari:0.0

