SC:6.0
loss:-0.17014703154563904 epoch:490 acc:0.8106508875739645 nmi:0.7313912788200461 accMax:0.9112426035502958 nmiMax:0.8057537119244171 ariMax:0.8115484947626622 curepoch:70
hid_units:256,lr:0.001,l2_coef:1e-05,reg_coef:1e-05,acc:0.6331360946745562,nmi:0.6597999861225723，Ari:0.5282820564827678,stdnmi:0.0,stdacc:0.0,stdari:0.0

