SC:0.0
loss:-0.910340428352356 epoch:490 acc:0.650887573964497 nmi:0.6405196356044842 accMax:0.7692307692307693 nmiMax:0.7338994058685234 ariMax:0.6778646524135253 curepoch:230
hid_units:256,lr:0.001,l2_coef:1e-05,reg_coef:1e-05,acc:0.6331360946745562,nmi:0.6295569450211419，Ari:0.5143420785057407,stdnmi:0.0,stdacc:0.0,stdari:0.0

