SC:10.0
loss:-0.05631393939256668 epoch:490 acc:0.8284023668639053 nmi:0.7364123304678624 accMax:0.9171597633136095 nmiMax:0.8126741979082377 ariMax:0.8195658066869322 curepoch:460
hid_units:256,lr:0.001,l2_coef:1e-05,reg_coef:1e-05,acc:0.8224852071005917,nmi:0.7430505415462656，Ari:0.6632835047172143,stdnmi:0.0,stdacc:0.0,stdari:0.0

