SC:80.0
loss:0.23035383224487305 epoch:490 acc:0.7041420118343196 nmi:0.6918363720152995 accMax:0.8520710059171598 nmiMax:0.7387295059401755 ariMax:0.6882884629184475 curepoch:380
hid_units:256,lr:0.001,l2_coef:1e-05,reg_coef:1e-05,acc:0.6923076923076923,nmi:0.7114325764066235，Ari:0.5776563016319441,stdnmi:0.0,stdacc:0.0,stdari:0.0

