SC:9.0
loss:2.0583577156066895 epoch:490 acc:0.1745 nmi:0.2300666843106268 accMax:0.1925 nmiMax:0.2222362914703377 ariMax:0.07192157413530456 curepoch:100
hid_units:128,lr:0.0001,l2_coef:1e-05,reg_coef:0.0001,acc:0.1875,nmi:0.22058970938743905，Ari:0.06506720720155733,stdnmi:0.0,stdacc:0.0,stdari:0.0

