SC:2.0
loss:1.9649467468261719 epoch:490 acc:0.1695 nmi:0.22231728637883155 accMax:0.1855 nmiMax:0.22077226005335573 ariMax:0.06958491538534757 curepoch:80
hid_units:128,lr:0.0001,l2_coef:1e-05,reg_coef:0.0001,acc:0.171,nmi:0.22486030975417448，Ari:0.06676213697497393,stdnmi:0.0,stdacc:0.0,stdari:0.0

