SC:60.0
loss:3.1278889179229736 epoch:490 acc:0.1815 nmi:0.21287577043457218 accMax:0.1925 nmiMax:0.22691963382790828 ariMax:0.07103737825231426 curepoch:150
hid_units:128,lr:0.0001,l2_coef:1e-05,reg_coef:0.0001,acc:0.176,nmi:0.22047185461740998，Ari:0.06989036837933253,stdnmi:0.0,stdacc:0.0,stdari:0.0

