SC:5.0
loss:1.97230064868927 epoch:490 acc:0.1705 nmi:0.21922523832480773 accMax:0.1925 nmiMax:0.22530398689956213 ariMax:0.06866240836804241 curepoch:60
hid_units:128,lr:0.0001,l2_coef:1e-05,reg_coef:0.0001,acc:0.164,nmi:0.2207671009240827，Ari:0.06232010785825515,stdnmi:0.0,stdacc:0.0,stdari:0.0

