SC:0.0
loss:1.8897712230682373 epoch:490 acc:0.1655 nmi:0.2185906982107659 accMax:0.194 nmiMax:0.22565109981354564 ariMax:0.07456499267795198 curepoch:360
hid_units:128,lr:0.0001,l2_coef:1e-05,reg_coef:0.0001,acc:0.1725,nmi:0.22002415778755663，Ari:0.06405693429070093,stdnmi:0.0,stdacc:0.0,stdari:0.0

