SC:80.0
loss:3.25563645362854 epoch:490 acc:0.1665 nmi:0.21415397447660295 accMax:0.188 nmiMax:0.21221003805416808 ariMax:0.06869654548604594 curepoch:260
hid_units:128,lr:0.0001,l2_coef:1e-05,reg_coef:0.0001,acc:0.1615,nmi:0.20610404548131228，Ari:0.05468195803473672,stdnmi:0.0,stdacc:0.0,stdari:0.0

