SC:10.0
loss:2.089858293533325 epoch:490 acc:0.186 nmi:0.22405715229222448 accMax:0.1925 nmiMax:0.23175428806215004 ariMax:0.07571022437083029 curepoch:130
hid_units:128,lr:0.0001,l2_coef:1e-05,reg_coef:0.0001,acc:0.173,nmi:0.22604916471558253，Ari:0.06790136963616838,stdnmi:0.0,stdacc:0.0,stdari:0.0

