SC:50.0
loss:3.018641233444214 epoch:490 acc:0.1805 nmi:0.2114841707589984 accMax:0.205 nmiMax:0.2191218000589287 ariMax:0.08382313238895063 curepoch:250
hid_units:128,lr:0.0001,l2_coef:1e-05,reg_coef:0.0001,acc:0.185,nmi:0.2196558411368483，Ari:0.07522835348741318,stdnmi:0.0,stdacc:0.0,stdari:0.0

