SC:6.0
loss:1.982659935951233 epoch:490 acc:0.1825 nmi:0.2264928093532819 accMax:0.191 nmiMax:0.22233486599509195 ariMax:0.07669781412756924 curepoch:430
hid_units:128,lr:0.0001,l2_coef:1e-05,reg_coef:0.0001,acc:0.1825,nmi:0.22453271109006742，Ari:0.0699016293292121,stdnmi:0.0,stdacc:0.0,stdari:0.0

