SC:90.0
loss:3.290740728378296 epoch:490 acc:0.1655 nmi:0.20552645483138335 accMax:0.1915 nmiMax:0.21557582445487827 ariMax:0.0747905122219007 curepoch:220
hid_units:128,lr:0.0001,l2_coef:1e-05,reg_coef:0.0001,acc:0.159,nmi:0.2061199973523271，Ari:0.051248637101382825,stdnmi:0.0,stdacc:0.0,stdari:0.0

