SC:10.0
loss:0.10242666304111481 epoch:490 acc:0.466 nmi:0.33652996580622296 accMax:0.5326666666666666 nmiMax:0.3786494108491265 ariMax:0.19846562089047265 curepoch:90
hid_units:512,lr:0.0001,l2_coef:0.01,reg_coef:1e-05,acc:0.4553333333333333,nmi:0.3353681579868842，Ari:0.2391713289463431,stdnmi:0.0,stdacc:0.0,stdari:0.0

