SC:10
loss:0.016952715814113617 epoch:490 acc:0.9742647058823529 nmi:0.9122263197697829 accMax:0.9816176470588235 nmiMax:0.9379944842861397 ariMax:0.9516980548432905 curepoch:280
hid_units:512,lr:0.001,l2_coef:0.001,reg_coef:1e-05,acc:0.9761029411764706,nmi:0.9209998971448902，Ari:0.9371926346358034,stdnmi:0.0,stdacc:0.0,stdari:0.0

