SC:1.0
 acc:0.39264705882352946,nmi:0.09424115602597065，Ari:0.03280807811701415,stdnmi:0.014361783076929866,stdacc:0.018571408645071265,stdari:0.0324431063164548
View:2, acc:0.4397058823529411,nmi:0.14315432780783222，Ari:0.045936782782416904,stdnmi:0.05211518633813778,stdacc:0.08257995422706846,stdari:0.03416190838036657
