SC:0.0
loss:-0.11053812503814697 epoch:490 acc:0.5616666666666666 nmi:0.4009000670026029 accMax:0.5783333333333334 nmiMax:0.4015605619655797 ariMax:0.28009729785836956 curepoch:230
hid_units:256,lr:0.001,l2_coef:1e-05,reg_coef:1e-05,acc:0.5575,nmi:0.3987501487605017，Ari:0.2606538789813854,stdnmi:0.0,stdacc:0.0,stdari:0.0

