SC:7.0
loss:-0.14541518688201904 epoch:490 acc:0.505 nmi:0.3522746534744671 accMax:0.5533333333333333 nmiMax:0.3836855496045643 ariMax:0.2606146567667401 curepoch:120
hid_units:256,lr:0.001,l2_coef:1e-05,reg_coef:1e-05,acc:0.51,nmi:0.35662495187881754，Ari:0.2176063217146072,stdnmi:0.0,stdacc:0.0,stdari:0.0

