SC:3.0
loss:-0.1194460541009903 epoch:490 acc:0.5458333333333333 nmi:0.381117099489735 accMax:0.57 nmiMax:0.38276772021228284 ariMax:0.2694877660168013 curepoch:130
hid_units:256,lr:0.001,l2_coef:1e-05,reg_coef:1e-05,acc:0.545,nmi:0.37809586506711124，Ari:0.2458341260379656,stdnmi:0.0,stdacc:0.0,stdari:0.0

