SC:100.0
loss:0.7764371037483215 epoch:490 acc:0.4475 nmi:0.30591553714539654 accMax:0.4475 nmiMax:0.30591553714539654 ariMax:0.15791435901569645 curepoch:490
hid_units:256,lr:0.001,l2_coef:1e-05,reg_coef:1e-05,acc:0.42333333333333334,nmi:0.2879607869445452，Ari:0.15248310184996874,stdnmi:0.0,stdacc:0.0,stdari:0.0

