SC:10.0
loss:-0.545245349407196 epoch:490 acc:0.5241666666666667 nmi:0.3390617505741884 accMax:0.575 nmiMax:0.37683360728597554 ariMax:0.25238393826661887 curepoch:190
hid_units:256,lr:0.001,l2_coef:1e-05,reg_coef:1e-05,acc:0.5241666666666667,nmi:0.3373935641893301，Ari:0.205616762388033,stdnmi:0.0,stdacc:0.0,stdari:0.0

