SC:70.0
loss:0.3745175004005432 epoch:490 acc:0.45666666666666667 nmi:0.30466449301828996 accMax:0.45916666666666667 nmiMax:0.3111811153820855 ariMax:0.16770147497749227 curepoch:410
hid_units:256,lr:0.001,l2_coef:1e-05,reg_coef:1e-05,acc:0.5008333333333334,nmi:0.3133377366382603，Ari:0.18998779162855745,stdnmi:0.0,stdacc:0.0,stdari:0.0

