SC:50.0
loss:0.20369862020015717 epoch:490 acc:0.4558333333333333 nmi:0.3130834578814243 accMax:0.475 nmiMax:0.31981102786290533 ariMax:0.18505502488987421 curepoch:450
hid_units:256,lr:0.001,l2_coef:1e-05,reg_coef:1e-05,acc:0.4708333333333333,nmi:0.32080346163448714，Ari:0.1834811772246569,stdnmi:0.0,stdacc:0.0,stdari:0.0

