SC:60.0
loss:0.2872810959815979 epoch:490 acc:0.4658333333333333 nmi:0.3130690476885837 accMax:0.5025 nmiMax:0.3131860085347501 ariMax:0.19229585817626169 curepoch:450
hid_units:256,lr:0.001,l2_coef:1e-05,reg_coef:1e-05,acc:0.4675,nmi:0.3151992067478501，Ari:0.17526501076503484,stdnmi:0.0,stdacc:0.0,stdari:0.0

