SC:80.0
loss:0.5184665322303772 epoch:490 acc:0.4066666666666667 nmi:0.25657600709539813 accMax:0.4575 nmiMax:0.3064296184362018 ariMax:0.1645245463855839 curepoch:440
hid_units:256,lr:0.001,l2_coef:1e-05,reg_coef:1e-05,acc:0.4083333333333333,nmi:0.2661663070926045，Ari:0.1588287999183018,stdnmi:0.0,stdacc:0.0,stdari:0.0

