SC:8.0
loss:-0.31305375695228577 epoch:490 acc:0.5091666666666667 nmi:0.34297368658231026 accMax:0.5691666666666667 nmiMax:0.38618977375485775 ariMax:0.2587037954850412 curepoch:320
hid_units:256,lr:0.001,l2_coef:1e-05,reg_coef:1e-05,acc:0.4875,nmi:0.3276356256189291，Ari:0.1913947605475385,stdnmi:0.0,stdacc:0.0,stdari:0.0

