SC:90.0
loss:0.6368093490600586 epoch:490 acc:0.4058333333333333 nmi:0.2558730087416849 accMax:0.4533333333333333 nmiMax:0.3113961054036812 ariMax:0.16140762455401314 curepoch:460
hid_units:256,lr:0.001,l2_coef:1e-05,reg_coef:1e-05,acc:0.4533333333333333,nmi:0.30450301854663725，Ari:0.16158587176428557,stdnmi:0.0,stdacc:0.0,stdari:0.0

