SC:20.0
loss:-0.0351814404129982 epoch:490 acc:0.5483333333333333 nmi:0.342260668541595 accMax:0.5591666666666667 nmiMax:0.35005400379474283 ariMax:0.24291437543330524 curepoch:340
hid_units:256,lr:0.001,l2_coef:1e-05,reg_coef:1e-05,acc:0.5491666666666667,nmi:0.3394484246052228，Ari:0.2246008171974298,stdnmi:0.0,stdacc:0.0,stdari:0.0

