SC:9.0
loss:-0.34545326232910156 epoch:490 acc:0.45666666666666667 nmi:0.2950493108941117 accMax:0.5791666666666667 nmiMax:0.3897559049683957 ariMax:0.2532266609074142 curepoch:300
hid_units:256,lr:0.001,l2_coef:1e-05,reg_coef:1e-05,acc:0.45666666666666667,nmi:0.2908065237540244，Ari:0.16806305365983715,stdnmi:0.0,stdacc:0.0,stdari:0.0

