SC:1.0
loss:-0.0677776113152504 epoch:490 acc:0.5566666666666666 nmi:0.38396976068589705 accMax:0.5725 nmiMax:0.38762789954819976 ariMax:0.2660077991724474 curepoch:280
hid_units:256,lr:0.001,l2_coef:1e-05,reg_coef:1e-05,acc:0.5575,nmi:0.3857981082155436，Ari:0.25358339340888303,stdnmi:0.0,stdacc:0.0,stdari:0.0

