SC:2.0
loss:-0.11545230448246002 epoch:490 acc:0.4766666666666667 nmi:0.3422348861518065 accMax:0.5725 nmiMax:0.38694168567193704 ariMax:0.270365607842262 curepoch:220
hid_units:256,lr:0.001,l2_coef:1e-05,reg_coef:1e-05,acc:0.4841666666666667,nmi:0.3439937155964139，Ari:0.20972414869734918,stdnmi:0.0,stdacc:0.0,stdari:0.0

