SC:40.0
loss:0.11613424122333527 epoch:490 acc:0.5483333333333333 nmi:0.3345903300618773 accMax:0.5483333333333333 nmiMax:0.3345903300618773 ariMax:0.21775960734176494 curepoch:490
hid_units:256,lr:0.001,l2_coef:1e-05,reg_coef:1e-05,acc:0.5483333333333333,nmi:0.3349869349546669，Ari:0.2185052288719248,stdnmi:0.0,stdacc:0.0,stdari:0.0

