SC:5.0
loss:-0.18128317594528198 epoch:490 acc:0.49583333333333335 nmi:0.36347281308177615 accMax:0.58 nmiMax:0.4041447569077434 ariMax:0.271122216433724 curepoch:350
hid_units:256,lr:0.001,l2_coef:1e-05,reg_coef:1e-05,acc:0.5,nmi:0.35906406466821056，Ari:0.2164076619711663,stdnmi:0.0,stdacc:0.0,stdari:0.0

