SC:6.0
loss:-0.16874167323112488 epoch:490 acc:0.5466666666666666 nmi:0.37478896271410966 accMax:0.5825 nmiMax:0.39223246141057044 ariMax:0.2746967378566213 curepoch:190
hid_units:256,lr:0.001,l2_coef:1e-05,reg_coef:1e-05,acc:0.5458333333333333,nmi:0.3737874894932556，Ari:0.24213847307656747,stdnmi:0.0,stdacc:0.0,stdari:0.0

