SC:4.0
loss:-0.1301359087228775 epoch:490 acc:0.4866666666666667 nmi:0.35321188450447144 accMax:0.5683333333333334 nmiMax:0.3964083713442218 ariMax:0.2649774871614253 curepoch:200
hid_units:256,lr:0.001,l2_coef:1e-05,reg_coef:1e-05,acc:0.48,nmi:0.354061706661099，Ari:0.21021270841115203,stdnmi:0.0,stdacc:0.0,stdari:0.0

