SC:30.0
loss:0.024633854627609253 epoch:490 acc:0.5516666666666666 nmi:0.345196798583698 accMax:0.5583333333333333 nmiMax:0.34881161990748755 ariMax:0.24217062530821895 curepoch:380
hid_units:256,lr:0.001,l2_coef:1e-05,reg_coef:1e-05,acc:0.4766666666666667,nmi:0.32546673445175406，Ari:0.19838850424092858,stdnmi:0.0,stdacc:0.0,stdari:0.0

