SC:1.0
 acc:0.35094890510948906,nmi:0.0879022649969106，Ari:0.007647144945192416,stdnmi:0.04744503088099565,stdacc:0.05083618252095557,stdari:0.021496715711029016
View:2, acc:0.33985401459854014,nmi:0.060341417526021277，Ari:0.002078786630736453,stdnmi:0.012639334786518746,stdacc:0.05145599858357905,stdari:0.007755813753234068
View:3, acc:0.3675912408759124,nmi:0.08473945060385439，Ari:0.004342881392695062,stdnmi:0.021001612272530727,stdacc:0.05520818270916854,stdari:0.005487294941305675
View:4, acc:0.38014598540145983,nmi:0.17193830939421922，Ari:0.023479481934868898,stdnmi:0.035298291993477164,stdacc:0.08988872641796952,stdari:0.02737950460355926
