SC:2.0
loss:0.006617520935833454 epoch:490 acc:0.9705882352941176 nmi:0.9135221517130269 accMax:0.9834558823529411 nmiMax:0.9419755374132444 ariMax:0.9562289431734996 curepoch:210
hid_units:512,lr:0.001,l2_coef:0.001,reg_coef:1e-05,acc:0.9613970588235294,nmi:0.8911517878352627，Ari:0.8964561346859542,stdnmi:0.0,stdacc:0.0,stdari:0.0

