SC:9.0
loss:0.018448838964104652 epoch:490 acc:0.9742647058823529 nmi:0.9150076528022568 accMax:0.9816176470588235 nmiMax:0.9421477334836504 ariMax:0.9502432768418195 curepoch:450
hid_units:512,lr:0.001,l2_coef:0.001,reg_coef:1e-05,acc:0.9742647058823529,nmi:0.9161092903403445，Ari:0.9391691261649878,stdnmi:0.0,stdacc:0.0,stdari:0.0

