SC:60.0
loss:0.10071350634098053 epoch:490 acc:0.6047794117647058 nmi:0.5243896890947845 accMax:0.8051470588235294 nmiMax:0.6568791199769186 ariMax:0.5327219134341394 curepoch:210
hid_units:512,lr:0.001,l2_coef:0.001,reg_coef:1e-05,acc:0.6121323529411765,nmi:0.5227615310201552，Ari:0.2827832444863773,stdnmi:0.0,stdacc:0.0,stdari:0.0

