SC:80.0
loss:0.1240507960319519 epoch:490 acc:0.5349264705882353 nmi:0.49288022818776994 accMax:0.6985294117647058 nmiMax:0.5804799090325736 ariMax:0.42385137638709086 curepoch:250
hid_units:512,lr:0.001,l2_coef:0.001,reg_coef:1e-05,acc:0.6194852941176471,nmi:0.5325898200058385，Ari:0.33147243948371113,stdnmi:0.0,stdacc:0.0,stdari:0.0

