SC:20.0
loss:0.03215954452753067 epoch:490 acc:0.9724264705882353 nmi:0.9103764526445965 accMax:0.9852941176470589 nmiMax:0.950688932088349 ariMax:0.9594120650693274 curepoch:100
hid_units:512,lr:0.001,l2_coef:0.001,reg_coef:1e-05,acc:0.9742647058823529,nmi:0.914069264651059，Ari:0.9347065424726696,stdnmi:0.0,stdacc:0.0,stdari:0.0

