SC:7.0
loss:0.015312932431697845 epoch:490 acc:0.9724264705882353 nmi:0.9114537957899836 accMax:0.9797794117647058 nmiMax:0.9343248848399175 ariMax:0.9434557972008143 curepoch:160
hid_units:512,lr:0.001,l2_coef:0.001,reg_coef:1e-05,acc:0.9705882352941176,nmi:0.9004305551735299，Ari:0.9241463427651768,stdnmi:0.0,stdacc:0.0,stdari:0.0

