SC:70.0
loss:0.10495312511920929 epoch:490 acc:0.5018382352941176 nmi:0.443129931659955 accMax:0.7095588235294118 nmiMax:0.5841555391721334 ariMax:0.42309725562504275 curepoch:250
hid_units:512,lr:0.001,l2_coef:0.001,reg_coef:1e-05,acc:0.45588235294117646,nmi:0.39468451883418343，Ari:0.27077467193377175,stdnmi:0.0,stdacc:0.0,stdari:0.0

