SC:100.0
loss:0.16295698285102844 epoch:490 acc:0.5533088235294118 nmi:0.5133078583397145 accMax:0.6764705882352942 nmiMax:0.5195290393948773 ariMax:0.4762544556273523 curepoch:100
hid_units:512,lr:0.001,l2_coef:0.001,reg_coef:1e-05,acc:0.5588235294117647,nmi:0.5016504930133256，Ari:0.26470568023923335,stdnmi:0.0,stdacc:0.0,stdari:0.0

