SC:40.0
loss:0.06027742475271225 epoch:490 acc:0.6930147058823529 nmi:0.6061856661079565 accMax:0.8014705882352942 nmiMax:0.6672530439293763 ariMax:0.6095883339848617 curepoch:230
hid_units:512,lr:0.001,l2_coef:0.001,reg_coef:1e-05,acc:0.6415441176470589,nmi:0.5815524437489809，Ari:0.4285744433224546,stdnmi:0.0,stdacc:0.0,stdari:0.0

