SC:0.0
loss:0.009322447702288628 epoch:490 acc:0.9742647058823529 nmi:0.9209863056426474 accMax:0.9797794117647058 nmiMax:0.9326344495631076 ariMax:0.9441271663633376 curepoch:120
hid_units:512,lr:0.001,l2_coef:0.001,reg_coef:1e-05,acc:0.96875,nmi:0.9064727385910589，Ari:0.9138099614011858,stdnmi:0.0,stdacc:0.0,stdari:0.0

