SC:4.0
loss:0.014141896739602089 epoch:490 acc:0.9742647058823529 nmi:0.9152054962250318 accMax:0.9816176470588235 nmiMax:0.9384132067747154 ariMax:0.9477820690500008 curepoch:310
hid_units:512,lr:0.001,l2_coef:0.001,reg_coef:1e-05,acc:0.9558823529411765,nmi:0.8824091863158107，Ari:0.8960766949448342,stdnmi:0.0,stdacc:0.0,stdari:0.0

