SC:30.0
loss:0.04906750097870827 epoch:490 acc:0.7683823529411765 nmi:0.6815448110832053 accMax:0.9577205882352942 nmiMax:0.8808518851790738 ariMax:0.877404330124509 curepoch:100
hid_units:512,lr:0.001,l2_coef:0.001,reg_coef:1e-05,acc:0.75,nmi:0.6656855014139396，Ari:0.5172226463664861,stdnmi:0.0,stdacc:0.0,stdari:0.0

