SC:8.0
loss:0.015539335086941719 epoch:490 acc:0.9742647058823529 nmi:0.9169838473346712 accMax:0.9797794117647058 nmiMax:0.9338230058591882 ariMax:0.9458923972606765 curepoch:280
hid_units:512,lr:0.001,l2_coef:0.001,reg_coef:1e-05,acc:0.9705882352941176,nmi:0.9028808539796599，Ari:0.9226341431567269,stdnmi:0.0,stdacc:0.0,stdari:0.0

