SC:3.0
loss:0.008040077053010464 epoch:490 acc:0.96875 nmi:0.9007946197510402 accMax:0.9816176470588235 nmiMax:0.9377256327504855 ariMax:0.9518202657910254 curepoch:120
hid_units:512,lr:0.001,l2_coef:0.001,reg_coef:1e-05,acc:0.9595588235294118,nmi:0.8910391819165077，Ari:0.9019284262575455,stdnmi:0.0,stdacc:0.0,stdari:0.0

