SC:5.0
loss:0.008808724582195282 epoch:490 acc:0.9705882352941176 nmi:0.9135455088757648 accMax:0.9797794117647058 nmiMax:0.9320296976708979 ariMax:0.9436194661184296 curepoch:100
hid_units:512,lr:0.001,l2_coef:0.001,reg_coef:1e-05,acc:0.96875,nmi:0.9000728757252823，Ari:0.9136801087309587,stdnmi:0.0,stdacc:0.0,stdari:0.0

