SC:1.0
loss:0.008605624549090862 epoch:490 acc:0.9742647058823529 nmi:0.9172057434125325 accMax:0.9816176470588235 nmiMax:0.9398346878236377 ariMax:0.9474945232564513 curepoch:230
hid_units:512,lr:0.001,l2_coef:0.001,reg_coef:1e-05,acc:0.96875,nmi:0.9089171537622445，Ari:0.9156108478763625,stdnmi:0.0,stdacc:0.0,stdari:0.0

