SC:90.0
loss:0.13530905544757843 epoch:490 acc:0.5533088235294118 nmi:0.4930156469817775 accMax:0.6985294117647058 nmiMax:0.5770277620530804 ariMax:0.4018458236979347 curepoch:210
hid_units:512,lr:0.001,l2_coef:0.001,reg_coef:1e-05,acc:0.5055147058823529,nmi:0.4027674659801029，Ari:0.18569372547892557,stdnmi:0.0,stdacc:0.0,stdari:0.0

