SC:6.0
loss:0.01177729107439518 epoch:490 acc:0.9705882352941176 nmi:0.9073247171145112 accMax:0.9816176470588235 nmiMax:0.9390415965589707 ariMax:0.9493577206029791 curepoch:440
hid_units:512,lr:0.001,l2_coef:0.001,reg_coef:1e-05,acc:0.9705882352941176,nmi:0.90459269348668，Ari:0.9191529585600912,stdnmi:0.0,stdacc:0.0,stdari:0.0

