SC:50.0
loss:0.08060090988874435 epoch:490 acc:0.6875 nmi:0.6274230868975109 accMax:0.9154411764705882 nmiMax:0.7740734815197354 ariMax:0.7755328086827976 curepoch:120
hid_units:512,lr:0.001,l2_coef:0.001,reg_coef:1e-05,acc:0.6525735294117647,nmi:0.5774192128231613，Ari:0.341902046478696,stdnmi:0.0,stdacc:0.0,stdari:0.0

