SC:10.0
loss:-1459.810791015625 epoch:490 acc:0.49916666666666665 nmi:0.33334890817636553 accMax:0.5141666666666667 nmiMax:0.3247610842027634 ariMax:0.2129778197066664 curepoch:120
hid_units:512,lr:0.001,l2_coef:1e-05,reg_coef:1e-05,acc:0.49833333333333335,nmi:0.3300431794818491，Ari:0.2029141904100388,stdnmi:0.0,stdacc:0.0,stdari:0.0

SC:10.0
SC:10.0
