SC:2.0
loss:-8464292.0 epoch:490 acc:0.43333333333333335 nmi:0.40564579064103223 accMax:0.6285714285714286 nmiMax:0.47073660837843045 ariMax:0.35907095299830805 curepoch:10
hid_units:64,lr:0.01,l2_coef:0.0001,reg_coef:0.01,acc:0.4142857142857143,nmi:0.396718106566039，Ari:0.23560764929099262,stdnmi:0.0,stdacc:0.0,stdari:0.0

