SC:9.0
loss:-379467.4375 epoch:490 acc:0.4238095238095238 nmi:0.29447701123960796 accMax:0.719047619047619 nmiMax:0.5539996883595438 ariMax:0.47805922226186226 curepoch:200
hid_units:64,lr:0.01,l2_coef:0.0001,reg_coef:0.01,acc:0.42857142857142855,nmi:0.29852935710147727，Ari:0.1973295863630737,stdnmi:0.0,stdacc:0.0,stdari:0.0

