SC:20.0
loss:1323750.25 epoch:490 acc:0.5904761904761905 nmi:0.46595032996748087 accMax:0.6571428571428571 nmiMax:0.5015089819511455 ariMax:0.3974655947676795 curepoch:100
hid_units:64,lr:0.01,l2_coef:0.0001,reg_coef:0.01,acc:0.6142857142857143,nmi:0.4517607504560704，Ari:0.32919874274872896,stdnmi:0.0,stdacc:0.0,stdari:0.0

