SC:70.0
loss:-9641262.0 epoch:490 acc:0.5047619047619047 nmi:0.4588971126094834 accMax:0.6428571428571429 nmiMax:0.4842815745114829 ariMax:0.37896006904690616 curepoch:70
hid_units:64,lr:0.01,l2_coef:0.0001,reg_coef:0.01,acc:0.5857142857142857,nmi:0.4871563456639062，Ari:0.3487942876691901,stdnmi:0.0,stdacc:0.0,stdari:0.0

