SC:90.0
loss:-2834687.25 epoch:490 acc:0.5523809523809524 nmi:0.4330298225112802 accMax:0.6333333333333333 nmiMax:0.4603901515511846 ariMax:0.3460049943957837 curepoch:110
hid_units:64,lr:0.01,l2_coef:0.0001,reg_coef:0.01,acc:0.5142857142857142,nmi:0.43320192701244337，Ari:0.2832879750466649,stdnmi:0.0,stdacc:0.0,stdari:0.0

