SC:8.0
loss:-309803.15625 epoch:490 acc:0.5 nmi:0.4639909362137507 accMax:0.6714285714285714 nmiMax:0.541431059238909 ariMax:0.4629169375316508 curepoch:150
hid_units:64,lr:0.01,l2_coef:0.0001,reg_coef:0.01,acc:0.5285714285714286,nmi:0.4648595414507423，Ari:0.33165588104114246,stdnmi:0.0,stdacc:0.0,stdari:0.0

