SC:7.0
loss:-26005928.0 epoch:490 acc:0.3619047619047619 nmi:0.26545412308065175 accMax:0.6761904761904762 nmiMax:0.5171900356398212 ariMax:0.4232741136558338 curepoch:90
hid_units:64,lr:0.01,l2_coef:0.0001,reg_coef:0.01,acc:0.3619047619047619,nmi:0.24082305303369536，Ari:0.13277391465931207,stdnmi:0.0,stdacc:0.0,stdari:0.0

