SC:50.0
loss:-4312753.5 epoch:490 acc:0.6 nmi:0.47637374568829266 accMax:0.6285714285714286 nmiMax:0.471828151088582 ariMax:0.3514426624208769 curepoch:370
hid_units:64,lr:0.01,l2_coef:0.0001,reg_coef:0.01,acc:0.5857142857142857,nmi:0.461002157973823，Ari:0.32579812343273806,stdnmi:0.0,stdacc:0.0,stdari:0.0

