SC:30.0
loss:-6221789.5 epoch:490 acc:0.5190476190476191 nmi:0.41145103103743536 accMax:0.6476190476190476 nmiMax:0.4988088842241181 ariMax:0.37632195694869003 curepoch:200
hid_units:64,lr:0.01,l2_coef:0.0001,reg_coef:0.01,acc:0.4857142857142857,nmi:0.42451585282607585，Ari:0.2607559451268258,stdnmi:0.0,stdacc:0.0,stdari:0.0

