SC:6.0
loss:-734215.4375 epoch:490 acc:0.36666666666666664 nmi:0.28841445895696455 accMax:0.6333333333333333 nmiMax:0.4944372599407422 ariMax:0.39005079348651384 curepoch:60
hid_units:64,lr:0.01,l2_coef:0.0001,reg_coef:0.01,acc:0.3380952380952381,nmi:0.26220817837952337，Ari:0.13828318403168163,stdnmi:0.0,stdacc:0.0,stdari:0.0

