SC:4.0
loss:263739.15625 epoch:490 acc:0.5714285714285714 nmi:0.4665795701863569 accMax:0.6523809523809524 nmiMax:0.5061881441699649 ariMax:0.39116670527372405 curepoch:20
hid_units:64,lr:0.01,l2_coef:0.0001,reg_coef:0.01,acc:0.5476190476190477,nmi:0.45815426631850215，Ari:0.3140337728461699,stdnmi:0.0,stdacc:0.0,stdari:0.0

