SC:5.0
loss:-5876900.0 epoch:490 acc:0.47619047619047616 nmi:0.36215350672469515 accMax:0.6476190476190476 nmiMax:0.5002666255592018 ariMax:0.38842023049275687 curepoch:40
hid_units:64,lr:0.01,l2_coef:0.0001,reg_coef:0.01,acc:0.47619047619047616,nmi:0.3684744934975034，Ari:0.23572507125450137,stdnmi:0.0,stdacc:0.0,stdari:0.0

