SC:100.0
loss:-3095916.5 epoch:490 acc:0.5285714285714286 nmi:0.43723664447782506 accMax:0.6571428571428571 nmiMax:0.4815037117685021 ariMax:0.3925226892873789 curepoch:100
hid_units:64,lr:0.01,l2_coef:0.0001,reg_coef:0.01,acc:0.5428571428571428,nmi:0.45574647069033947，Ari:0.31579522463700876,stdnmi:0.0,stdacc:0.0,stdari:0.0

