SC:0.0
loss:-3291780.0 epoch:490 acc:0.42857142857142855 nmi:0.40502186831856485 accMax:0.6428571428571429 nmiMax:0.4892007411486146 ariMax:0.3799275715171399 curepoch:20
hid_units:64,lr:0.01,l2_coef:0.0001,reg_coef:0.01,acc:0.4238095238095238,nmi:0.4041304669479037，Ari:0.24552855263690807,stdnmi:0.0,stdacc:0.0,stdari:0.0

