SC:10.0
loss:-10379066.0 epoch:490 acc:0.5 nmi:0.41042282190225765 accMax:0.6619047619047619 nmiMax:0.5072605611430167 ariMax:0.40515383202683236 curepoch:100
hid_units:64,lr:0.01,l2_coef:0.0001,reg_coef:0.01,acc:0.47619047619047616,nmi:0.40237312056175367，Ari:0.2501067284976046,stdnmi:0.0,stdacc:0.0,stdari:0.0

