SC:80.0
loss:-6727963.5 epoch:490 acc:0.49047619047619045 nmi:0.4140253455806548 accMax:0.6523809523809524 nmiMax:0.4685367827373802 ariMax:0.3740526555947976 curepoch:110
hid_units:64,lr:0.01,l2_coef:0.0001,reg_coef:0.01,acc:0.5285714285714286,nmi:0.43248216935423756，Ari:0.29196280989954054,stdnmi:0.0,stdacc:0.0,stdari:0.0

