SC:60.0
loss:93.92305755615234 epoch:490 acc:0.43333333333333335 nmi:0.2903096141785966 accMax:0.6238095238095238 nmiMax:0.46402215066850844 ariMax:0.34513141700433414 curepoch:130
hid_units:64,lr:0.01,l2_coef:0.0001,reg_coef:0.01,acc:0.43333333333333335,nmi:0.29503016511002883，Ari:0.17642964604849634,stdnmi:0.0,stdacc:0.0,stdari:0.0

