SC:1.0
loss:31494490.0 epoch:490 acc:0.4238095238095238 nmi:0.40399177286641824 accMax:0.6190476190476191 nmiMax:0.48166698281640935 ariMax:0.35662273618000995 curepoch:20
hid_units:64,lr:0.01,l2_coef:0.0001,reg_coef:0.01,acc:0.42857142857142855,nmi:0.4072719896969241，Ari:0.24788119490885824,stdnmi:0.0,stdacc:0.0,stdari:0.0

