SC:3.0
loss:14457986.0 epoch:490 acc:0.42857142857142855 nmi:0.41106476457596236 accMax:0.6428571428571429 nmiMax:0.4715739339123035 ariMax:0.36985259119935304 curepoch:10
hid_units:64,lr:0.01,l2_coef:0.0001,reg_coef:0.01,acc:0.42857142857142855,nmi:0.4118796714903924，Ari:0.248966330398233,stdnmi:0.0,stdacc:0.0,stdari:0.0

