SC:40.0
loss:-4896377.0 epoch:490 acc:0.5666666666666667 nmi:0.4378214275057932 accMax:0.6428571428571429 nmiMax:0.48455486139181786 ariMax:0.3656384032404087 curepoch:240
hid_units:64,lr:0.01,l2_coef:0.0001,reg_coef:0.01,acc:0.5904761904761905,nmi:0.4716632926977606，Ari:0.33712268388693833,stdnmi:0.0,stdacc:0.0,stdari:0.0

