SC:7.0
loss:-20691.087890625 epoch:490 acc:0.6978102189781021 nmi:0.5919500165505436 accMax:0.9226277372262773 nmiMax:0.7798089001544404 ariMax:0.823109371416585 curepoch:210
hid_units:256,lr:0.01,l2_coef:0.001,reg_coef:0.001,acc:0.6934306569343066,nmi:0.5916297675129859，Ari:0.5804652314255877,stdnmi:0.0,stdacc:0.0,stdari:0.0

