SC:1.0
loss:-9591.0185546875 epoch:490 acc:0.9124087591240876 nmi:0.7647816719075842 accMax:0.9167883211678832 nmiMax:0.7719994524403 ariMax:0.8105151704091871 curepoch:380
hid_units:256,lr:0.01,l2_coef:0.001,reg_coef:0.001,acc:0.9124087591240876,nmi:0.7647816719075842，Ari:0.8006415506577798,stdnmi:0.0,stdacc:0.0,stdari:0.0

