SC:2.0
loss:-13197.083984375 epoch:490 acc:0.7897810218978102 nmi:0.6469343279001545 accMax:0.891970802919708 nmiMax:0.7511832505101473 ariMax:0.7809676920936467 curepoch:30
hid_units:256,lr:0.01,l2_coef:0.001,reg_coef:0.001,acc:0.7197080291970803,nmi:0.6715581115722742，Ari:0.6677073536515308,stdnmi:0.0,stdacc:0.0,stdari:0.0

