SC:20.0
loss:-29846.900390625 epoch:490 acc:0.7167883211678832 nmi:0.6720528057957487 accMax:0.8948905109489051 nmiMax:0.7407920096234768 ariMax:0.7809049933530324 curepoch:70
hid_units:256,lr:0.01,l2_coef:0.001,reg_coef:0.001,acc:0.7299270072992701,nmi:0.6703100637849309，Ari:0.6847909681583461,stdnmi:0.0,stdacc:0.0,stdari:0.0

