SC:8.0
loss:-26968.548828125 epoch:490 acc:0.6978102189781021 nmi:0.5549105463360752 accMax:0.9240875912408759 nmiMax:0.7883019788821243 ariMax:0.8321549483429455 curepoch:150
hid_units:256,lr:0.01,l2_coef:0.001,reg_coef:0.001,acc:0.7021897810218978,nmi:0.5557665263198365，Ari:0.5477745397027534,stdnmi:0.0,stdacc:0.0,stdari:0.0

