SC:4.0
loss:-16707.732421875 epoch:490 acc:0.708029197080292 nmi:0.6557490461806708 accMax:0.8992700729927007 nmiMax:0.760107312593283 ariMax:0.793088264446978 curepoch:90
hid_units:256,lr:0.01,l2_coef:0.001,reg_coef:0.001,acc:0.708029197080292,nmi:0.6509386123274494，Ari:0.6428717896472569,stdnmi:0.0,stdacc:0.0,stdari:0.0

