SC:3.0
loss:-12524.6220703125 epoch:490 acc:0.7153284671532847 nmi:0.6760940470383899 accMax:0.8978102189781022 nmiMax:0.7540562264413422 ariMax:0.7886161309750033 curepoch:20
hid_units:256,lr:0.01,l2_coef:0.001,reg_coef:0.001,acc:0.7167883211678832,nmi:0.6793836924302683，Ari:0.6729198062295041,stdnmi:0.0,stdacc:0.0,stdari:0.0

