SC:70.0
loss:-49712.35546875 epoch:490 acc:0.7226277372262774 nmi:0.5730586950358518 accMax:0.9211678832116789 nmiMax:0.7743147559612142 ariMax:0.82949493298092 curepoch:280
hid_units:256,lr:0.01,l2_coef:0.001,reg_coef:0.001,acc:0.7153284671532847,nmi:0.5706677105910855，Ari:0.5750125541865769,stdnmi:0.0,stdacc:0.0,stdari:0.0

