SC:80.0
loss:-62346.94140625 epoch:490 acc:0.621897810218978 nmi:0.4717637094769077 accMax:0.8861313868613139 nmiMax:0.6971381143987041 ariMax:0.7287035470770516 curepoch:250
hid_units:256,lr:0.01,l2_coef:0.001,reg_coef:0.001,acc:0.5591240875912409,nmi:0.3530004868581396，Ari:0.24692234552803466,stdnmi:0.0,stdacc:0.0,stdari:0.0

