SC:50.0
loss:-40026.73046875 epoch:490 acc:0.7605839416058394 nmi:0.656907417716705 accMax:0.9284671532846716 nmiMax:0.7978674588504484 ariMax:0.837242762018171 curepoch:300
hid_units:256,lr:0.01,l2_coef:0.001,reg_coef:0.001,acc:0.7635036496350365,nmi:0.6601400071194367，Ari:0.6926756755313696,stdnmi:0.0,stdacc:0.0,stdari:0.0

