SC:60.0
loss:-37600.39453125 epoch:490 acc:0.6671532846715329 nmi:0.5038780193474414 accMax:0.8569343065693431 nmiMax:0.6781550369460362 ariMax:0.6896375709969278 curepoch:310
hid_units:256,lr:0.01,l2_coef:0.001,reg_coef:0.001,acc:0.7138686131386861,nmi:0.523930986842964，Ari:0.5301198588628813,stdnmi:0.0,stdacc:0.0,stdari:0.0

