SC:9.0
loss:-26193.88671875 epoch:490 acc:0.7313868613138687 nmi:0.5611872536423707 accMax:0.9255474452554745 nmiMax:0.7913296109885469 ariMax:0.83432591908378 curepoch:160
hid_units:256,lr:0.01,l2_coef:0.001,reg_coef:0.001,acc:0.7299270072992701,nmi:0.5629076299021748，Ari:0.5532656548801204,stdnmi:0.0,stdacc:0.0,stdari:0.0

