SC:30.0
loss:-40841.72265625 epoch:490 acc:0.7036496350364964 nmi:0.6052856866895818 accMax:0.781021897810219 nmiMax:0.6352533900890095 ariMax:0.6566465900627187 curepoch:300
hid_units:256,lr:0.01,l2_coef:0.001,reg_coef:0.001,acc:0.6978102189781021,nmi:0.5986163117083027，Ari:0.531244786149201,stdnmi:0.0,stdacc:0.0,stdari:0.0

