SC:10.0
loss:-30187.53125 epoch:490 acc:0.6992700729927007 nmi:0.5916406231688142 accMax:0.9328467153284672 nmiMax:0.802916034309146 ariMax:0.843552696086439 curepoch:180
hid_units:256,lr:0.01,l2_coef:0.001,reg_coef:0.001,acc:0.6992700729927007,nmi:0.5829267779245532，Ari:0.5860719818158241,stdnmi:0.0,stdacc:0.0,stdari:0.0

