SC:40.0
loss:-38292.1953125 epoch:490 acc:0.6905109489051094 nmi:0.5795475719823803 accMax:0.7605839416058394 nmiMax:0.6101480935809566 ariMax:0.6230650263070607 curepoch:340
hid_units:256,lr:0.01,l2_coef:0.001,reg_coef:0.001,acc:0.6934306569343066,nmi:0.5735287484675504，Ari:0.5412861670498283,stdnmi:0.0,stdacc:0.0,stdari:0.0

