SC:90.0
loss:-34635.3359375 epoch:490 acc:0.762043795620438 nmi:0.581649441420526 accMax:0.8832116788321168 nmiMax:0.6863715733809531 ariMax:0.7355179076318733 curepoch:410
hid_units:256,lr:0.01,l2_coef:0.001,reg_coef:0.001,acc:0.7678832116788321,nmi:0.5746021470129591，Ari:0.4811512245019873,stdnmi:0.0,stdacc:0.0,stdari:0.0

