SC:6.0
loss:-25278.421875 epoch:490 acc:0.7328467153284671 nmi:0.5435630238039489 accMax:0.8992700729927007 nmiMax:0.7616561123833342 ariMax:0.7912932893573982 curepoch:100
hid_units:256,lr:0.01,l2_coef:0.001,reg_coef:0.001,acc:0.7328467153284671,nmi:0.5456497007223481，Ari:0.5536916207609329,stdnmi:0.0,stdacc:0.0,stdari:0.0

