SC:5.0
loss:-19630.35546875 epoch:490 acc:0.689051094890511 nmi:0.6267602925539296 accMax:0.8934306569343066 nmiMax:0.7577784287823267 ariMax:0.7817684014388239 curepoch:90
hid_units:256,lr:0.01,l2_coef:0.001,reg_coef:0.001,acc:0.6788321167883211,nmi:0.6250504026324214，Ari:0.5836950971513601,stdnmi:0.0,stdacc:0.0,stdari:0.0

