SC:0.0
loss:-19498.232421875 epoch:490 acc:0.7956204379562044 nmi:0.632999218660806 accMax:0.9138686131386862 nmiMax:0.7650280855797863 ariMax:0.8084161618669204 curepoch:210
hid_units:256,lr:0.01,l2_coef:0.001,reg_coef:0.001,acc:0.7605839416058394,nmi:0.5962634013914246，Ari:0.6040855878580945,stdnmi:0.0,stdacc:0.0,stdari:0.0

