SC:100.0
loss:-43810.2421875 epoch:490 acc:0.5007299270072992 nmi:0.29092554035628915 accMax:0.5927007299270073 nmiMax:0.4114035144618618 ariMax:0.2625471031791185 curepoch:260
hid_units:256,lr:0.01,l2_coef:0.001,reg_coef:0.001,acc:0.4759124087591241,nmi:0.2659454651906866，Ari:0.16016125072003287,stdnmi:0.0,stdacc:0.0,stdari:0.0

