SC:1.0
 acc:0.37238095238095237,nmi:0.25609459079696206，Ari:0.128323037464469,stdnmi:0.01326513169255631,stdacc:0.011185965241318496,stdari:0.010289786710273358
View:2, acc:0.7180952380952381,nmi:0.586812038678253，Ari:0.5008800511909284,stdnmi:0.035044513319950656,stdacc:0.035910985337800884,stdari:0.04316680311570007
View:3, acc:0.7266666666666668,nmi:0.6564419652438451，Ari:0.5541351021575815,stdnmi:0.015532863266952458,stdacc:0.032425269266425034,stdari:0.025890836429937236
View:4, acc:0.45714285714285713,nmi:0.41838992864739355，Ari:0.2687710649100096,stdnmi:0.02171762714474549,stdacc:0.006298379663533254,stdari:0.00622085592778628
View:5, acc:0.5323809523809524,nmi:0.4651911057823212，Ari:0.3159460384174902,stdnmi:0.024907993963089556,stdacc:0.01334885840802132,stdari:0.015594890981954747
