SC:0.0
loss:-0.41992494463920593 epoch:490 acc:0.3175 nmi:0.11913764602730098 accMax:0.6133333333333333 nmiMax:0.3944839939576282 ariMax:0.29536275084315655 curepoch:100
hid_units:512,lr:0.001,l2_coef:0.0001,reg_coef:1e-05,acc:0.31083333333333335,nmi:0.10644494148886693，Ari:0.05788707080200409,stdnmi:0.0,stdacc:0.0,stdari:0.0

