SC:10.0
loss:-118.78369140625 epoch:490 acc:0.2808333333333333 nmi:0.06924365131081855 accMax:0.5633333333333334 nmiMax:0.3725313308811328 ariMax:0.2565496439914113 curepoch:120
hid_units:512,lr:0.001,l2_coef:0.0001,reg_coef:1e-05,acc:0.2808333333333333,nmi:0.06867467885856354，Ari:0.03772951559870681,stdnmi:0.0,stdacc:0.0,stdari:0.0

