SC:80.0
loss:-22.143590927124023 epoch:490 acc:0.31666666666666665 nmi:0.10190404256058484 accMax:0.38416666666666666 nmiMax:0.2571989618301767 ariMax:0.11466937776375805 curepoch:10
hid_units:512,lr:0.001,l2_coef:0.0001,reg_coef:1e-05,acc:0.31333333333333335,nmi:0.10082602316720846，Ari:0.049657912645190594,stdnmi:0.0,stdacc:0.0,stdari:0.0

