SC:60.0
loss:-19.838451385498047 epoch:490 acc:0.31166666666666665 nmi:0.10765544926912524 accMax:0.43083333333333335 nmiMax:0.2751904665845156 ariMax:0.16253313170392486 curepoch:10
hid_units:512,lr:0.001,l2_coef:0.0001,reg_coef:1e-05,acc:0.275,nmi:0.07499542815385414，Ari:0.03310106533127584,stdnmi:0.0,stdacc:0.0,stdari:0.0

