SC:2.0
loss:-1.4728573560714722 epoch:490 acc:0.29333333333333333 nmi:0.09683863595061591 accMax:0.6025 nmiMax:0.36034506857084664 ariMax:0.2973562645481037 curepoch:140
hid_units:512,lr:0.001,l2_coef:0.0001,reg_coef:1e-05,acc:0.29333333333333333,nmi:0.09718551747565946，Ari:0.03840396992088393,stdnmi:0.0,stdacc:0.0,stdari:0.0

