SC:100.0
loss:7.2192535400390625 epoch:490 acc:0.31416666666666665 nmi:0.10047961590983652 accMax:0.37916666666666665 nmiMax:0.17885397787946505 ariMax:0.0906302497064207 curepoch:320
hid_units:512,lr:0.001,l2_coef:0.0001,reg_coef:1e-05,acc:0.31,nmi:0.09854720629243398，Ari:0.04792567899823391,stdnmi:0.0,stdacc:0.0,stdari:0.0

