SC:70.0
loss:-19.522382736206055 epoch:490 acc:0.3283333333333333 nmi:0.1274097450604075 accMax:0.38916666666666666 nmiMax:0.18663922174501232 ariMax:0.0958615650279374 curepoch:310
hid_units:512,lr:0.001,l2_coef:0.0001,reg_coef:1e-05,acc:0.31583333333333335,nmi:0.09982158146483622，Ari:0.04981987335489356,stdnmi:0.0,stdacc:0.0,stdari:0.0

