SC:1.0
loss:-0.6982641220092773 epoch:490 acc:0.2841666666666667 nmi:0.061682135659355514 accMax:0.6083333333333333 nmiMax:0.3948248704698506 ariMax:0.3209953974255587 curepoch:160
hid_units:512,lr:0.001,l2_coef:0.0001,reg_coef:1e-05,acc:0.2966666666666667,nmi:0.10050696075480237，Ari:0.05008910863977353,stdnmi:0.0,stdacc:0.0,stdari:0.0

