SC:10
loss:-3.4268689155578613 epoch:490 acc:0.33088235294117646 nmi:0.054129347752233485 accMax:0.9834558823529411 nmiMax:0.9436094468376204 ariMax:0.9538363462095515 curepoch:50
hid_units:512,lr:0.001,l2_coef:0.001,reg_coef:0.0001,acc:0.30330882352941174,nmi:0.04775063868238152，Ari:0.018940553525136627,stdnmi:0.0,stdacc:0.0,stdari:0.0

