SC:30.0
loss:1.9362006187438965 epoch:490 acc:0.2633333333333333 nmi:0.3433960080106633 accMax:0.27476190476190476 nmiMax:0.3384708730220324 ariMax:0.12440910358511345 curepoch:460
hid_units:256,lr:0.0001,l2_coef:0.001,reg_coef:0.0001,acc:0.2580952380952381,nmi:0.33709163008534343，Ari:0.11398329981639906,stdnmi:0.0,stdacc:0.0,stdari:0.0

