SC:90.0
loss:2.107942819595337 epoch:490 acc:0.23761904761904762 nmi:0.32260128654360715 accMax:0.26476190476190475 nmiMax:0.3314143715596746 ariMax:0.12503341501081505 curepoch:330
hid_units:256,lr:0.0001,l2_coef:0.001,reg_coef:0.0001,acc:0.24428571428571427,nmi:0.3257630400512495，Ari:0.11019004941253299,stdnmi:0.0,stdacc:0.0,stdari:0.0

