SC:70.0
loss:2.0884954929351807 epoch:490 acc:0.25047619047619046 nmi:0.3299129985818443 accMax:0.26571428571428574 nmiMax:0.34162998895355023 ariMax:0.1320080617453003 curepoch:380
hid_units:256,lr:0.0001,l2_coef:0.001,reg_coef:0.0001,acc:0.25,nmi:0.32377392063290095，Ari:0.1160945101407008,stdnmi:0.0,stdacc:0.0,stdari:0.0

