SC:1.0
loss:1.0517876148223877 epoch:490 acc:0.2542857142857143 nmi:0.34085901378486533 accMax:0.2814285714285714 nmiMax:0.34128631822034877 ariMax:0.13219269271865836 curepoch:320
hid_units:256,lr:0.0001,l2_coef:0.001,reg_coef:0.0001,acc:0.2680952380952381,nmi:0.3329354835776053，Ari:0.12385528649453817,stdnmi:0.0,stdacc:0.0,stdari:0.0

