SC:80.0
loss:2.1000277996063232 epoch:490 acc:0.24 nmi:0.3199323303140851 accMax:0.26666666666666666 nmiMax:0.32191369005129983 ariMax:0.12531703450259915 curepoch:210
hid_units:256,lr:0.0001,l2_coef:0.001,reg_coef:0.0001,acc:0.24761904761904763,nmi:0.3181756615446152，Ari:0.10880441271737337,stdnmi:0.0,stdacc:0.0,stdari:0.0

