SC:20.0
loss:1.7986317873001099 epoch:490 acc:0.25523809523809526 nmi:0.3394646031205322 accMax:0.27476190476190476 nmiMax:0.3349621647399176 ariMax:0.12637669353082617 curepoch:270
hid_units:256,lr:0.0001,l2_coef:0.001,reg_coef:0.0001,acc:0.2652380952380952,nmi:0.33659018801441276，Ari:0.11995894769631585,stdnmi:0.0,stdacc:0.0,stdari:0.0

