SC:10.0
loss:1.501512050628662 epoch:490 acc:0.25761904761904764 nmi:0.3315026311770446 accMax:0.2857142857142857 nmiMax:0.350717759864174 ariMax:0.12991645062099333 curepoch:470
hid_units:256,lr:0.0001,l2_coef:0.001,reg_coef:0.0001,acc:0.26857142857142857,nmi:0.3351838303201356，Ari:0.1215413264226632,stdnmi:0.0,stdacc:0.0,stdari:0.0

