SC:50.0
loss:2.0468497276306152 epoch:490 acc:0.24523809523809523 nmi:0.3169374295256019 accMax:0.26476190476190475 nmiMax:0.3377243423289063 ariMax:0.12337009044060396 curepoch:460
hid_units:256,lr:0.0001,l2_coef:0.001,reg_coef:0.0001,acc:0.26142857142857145,nmi:0.32432482854779354，Ari:0.11463990501767492,stdnmi:0.0,stdacc:0.0,stdari:0.0

