SC:40.0
loss:2.0057532787323 epoch:490 acc:0.2704761904761905 nmi:0.3379593224836072 accMax:0.2704761904761905 nmiMax:0.3379593224836072 ariMax:0.12777845785912403 curepoch:490
hid_units:256,lr:0.0001,l2_coef:0.001,reg_coef:0.0001,acc:0.25666666666666665,nmi:0.33045975410881717，Ari:0.1137773281147821,stdnmi:0.0,stdacc:0.0,stdari:0.0

