SC:3.0
loss:0.30013182759284973 epoch:490 acc:0.1485 nmi:0.1921567325281383 accMax:0.1795 nmiMax:0.21440393522874004 ariMax:0.06392692567818187 curepoch:60
hid_units:512,lr:0.0001,l2_coef:1e-05,reg_coef:0.0001,acc:0.153,nmi:0.19006512547585422，Ari:0.044237340019655076,stdnmi:0.0,stdacc:0.0,stdari:0.0

