SC:7.0
loss:0.4919748306274414 epoch:490 acc:0.1585 nmi:0.19266031452812687 accMax:0.172 nmiMax:0.20859085726711543 ariMax:0.058583362368872405 curepoch:240
hid_units:512,lr:0.0001,l2_coef:1e-05,reg_coef:0.0001,acc:0.147,nmi:0.19001739954122504，Ari:0.04080913837562124,stdnmi:0.0,stdacc:0.0,stdari:0.0

