SC:50.0
loss:2.271219491958618 epoch:490 acc:0.146 nmi:0.18423656037018538 accMax:0.1675 nmiMax:0.20411802945973384 ariMax:0.05528561085143685 curepoch:240
hid_units:512,lr:0.0001,l2_coef:1e-05,reg_coef:0.0001,acc:0.1605,nmi:0.2013566216080202，Ari:0.04931859546056794,stdnmi:0.0,stdacc:0.0,stdari:0.0

