SC:80.0
loss:2.77062726020813 epoch:490 acc:0.1495 nmi:0.19729458205303907 accMax:0.172 nmiMax:0.2084962470035355 ariMax:0.05677445591270778 curepoch:90
hid_units:512,lr:0.0001,l2_coef:1e-05,reg_coef:0.0001,acc:0.154,nmi:0.19405694099720014，Ari:0.04530105329995835,stdnmi:0.0,stdacc:0.0,stdari:0.0

