SC:10.0
loss:0.654076099395752 epoch:490 acc:0.1645 nmi:0.20043278998966418 accMax:0.177 nmiMax:0.22285915735771536 ariMax:0.06251740790990522 curepoch:100
hid_units:512,lr:0.0001,l2_coef:1e-05,reg_coef:0.0001,acc:0.158,nmi:0.19076618678401766，Ari:0.04734616471829102,stdnmi:0.0,stdacc:0.0,stdari:0.0

