SC:0.0
loss:0.2366127222776413 epoch:490 acc:0.148 nmi:0.1940720980443638 accMax:0.173 nmiMax:0.215093781804349 ariMax:0.05928567250366601 curepoch:80
hid_units:512,lr:0.0001,l2_coef:1e-05,reg_coef:0.0001,acc:0.174,nmi:0.18792782357863053，Ari:0.05175174277708296,stdnmi:0.0,stdacc:0.0,stdari:0.0

