SC:70.0
loss:2.6443681716918945 epoch:490 acc:0.1615 nmi:0.18770735740243244 accMax:0.168 nmiMax:0.1894225946428675 ariMax:0.051383587490107914 curepoch:480
hid_units:512,lr:0.0001,l2_coef:1e-05,reg_coef:0.0001,acc:0.145,nmi:0.18071902732029554，Ari:0.04007360641431751,stdnmi:0.0,stdacc:0.0,stdari:0.0

