SC:60.0
loss:2.483691930770874 epoch:490 acc:0.144 nmi:0.18351057637021814 accMax:0.1715 nmiMax:0.20872344175695182 ariMax:0.0543230205045505 curepoch:60
hid_units:512,lr:0.0001,l2_coef:1e-05,reg_coef:0.0001,acc:0.15,nmi:0.1847790818457672，Ari:0.04225477724213719,stdnmi:0.0,stdacc:0.0,stdari:0.0

