SC:20.0
loss:1.1912195682525635 epoch:490 acc:0.153 nmi:0.20095268262863766 accMax:0.173 nmiMax:0.21233946678884205 ariMax:0.054366675254765864 curepoch:190
hid_units:512,lr:0.0001,l2_coef:1e-05,reg_coef:0.0001,acc:0.168,nmi:0.19692214281485082，Ari:0.049499472198294314,stdnmi:0.0,stdacc:0.0,stdari:0.0

