SC:40.0
loss:1.9991390705108643 epoch:490 acc:0.1545 nmi:0.1934429148254458 accMax:0.1685 nmiMax:0.2043551328373594 ariMax:0.05538461047511981 curepoch:150
hid_units:512,lr:0.0001,l2_coef:1e-05,reg_coef:0.0001,acc:0.1465,nmi:0.19535180978009417，Ari:0.04289121921978575,stdnmi:0.0,stdacc:0.0,stdari:0.0

