SC:5.0
loss:0.38745611906051636 epoch:490 acc:0.156 nmi:0.1896412117339793 accMax:0.1745 nmiMax:0.22014731676230753 ariMax:0.05983642555830436 curepoch:110
hid_units:512,lr:0.0001,l2_coef:1e-05,reg_coef:0.0001,acc:0.1625,nmi:0.19405320543492208，Ari:0.04962787032505796,stdnmi:0.0,stdacc:0.0,stdari:0.0

