SC:9.0
loss:0.5989916324615479 epoch:490 acc:0.1595 nmi:0.1971162670773109 accMax:0.1795 nmiMax:0.22073653173090718 ariMax:0.06275167270693136 curepoch:80
hid_units:512,lr:0.0001,l2_coef:1e-05,reg_coef:0.0001,acc:0.1505,nmi:0.19581802398262424，Ari:0.04500065229240757,stdnmi:0.0,stdacc:0.0,stdari:0.0

