SC:30.0
loss:1.6451746225357056 epoch:490 acc:0.151 nmi:0.19410195707524902 accMax:0.17 nmiMax:0.20939203459171002 ariMax:0.05680455572460906 curepoch:60
hid_units:512,lr:0.0001,l2_coef:1e-05,reg_coef:0.0001,acc:0.1495,nmi:0.18702376301725887，Ari:0.043062952982419314,stdnmi:0.0,stdacc:0.0,stdari:0.0

