SC:2.0
loss:0.2660695016384125 epoch:490 acc:0.1435 nmi:0.19659672059995287 accMax:0.1695 nmiMax:0.2115346636249307 ariMax:0.05496556666360041 curepoch:120
hid_units:512,lr:0.0001,l2_coef:1e-05,reg_coef:0.0001,acc:0.1635,nmi:0.19244897647076448，Ari:0.050983307220720996,stdnmi:0.0,stdacc:0.0,stdari:0.0

