SC:8.0
loss:0.5450648069381714 epoch:490 acc:0.162 nmi:0.1904302040269825 accMax:0.174 nmiMax:0.21847719911558475 ariMax:0.060576427000800785 curepoch:110
hid_units:512,lr:0.0001,l2_coef:1e-05,reg_coef:0.0001,acc:0.1495,nmi:0.19557656720892086，Ari:0.0476319416902204,stdnmi:0.0,stdacc:0.0,stdari:0.0

