SC:6.0
loss:0.4370066225528717 epoch:490 acc:0.1515 nmi:0.19734815722592705 accMax:0.17 nmiMax:0.2091462957645114 ariMax:0.060923411789232745 curepoch:60
hid_units:512,lr:0.0001,l2_coef:1e-05,reg_coef:0.0001,acc:0.1425,nmi:0.1836586319805796，Ari:0.03662630865268457,stdnmi:0.0,stdacc:0.0,stdari:0.0

