SC:100.0
loss:2.948434352874756 epoch:490 acc:0.1565 nmi:0.2005758541785043 accMax:0.166 nmiMax:0.20021451440626684 ariMax:0.04857547290979848 curepoch:140
hid_units:512,lr:0.0001,l2_coef:1e-05,reg_coef:0.0001,acc:0.161,nmi:0.19977619641722028，Ari:0.04553225253562207,stdnmi:0.0,stdacc:0.0,stdari:0.0

