SC:90.0
loss:2.8700647354125977 epoch:490 acc:0.151 nmi:0.18898262237748678 accMax:0.1735 nmiMax:0.19370624558481295 ariMax:0.05193314685889544 curepoch:30
hid_units:512,lr:0.0001,l2_coef:1e-05,reg_coef:0.0001,acc:0.151,nmi:0.1974009086459448，Ari:0.04652812619197254,stdnmi:0.0,stdacc:0.0,stdari:0.0

