SC:1.0
loss:0.24498054385185242 epoch:490 acc:0.1505 nmi:0.19162689212874645 accMax:0.1725 nmiMax:0.20822621240294767 ariMax:0.05554239886884637 curepoch:100
hid_units:512,lr:0.0001,l2_coef:1e-05,reg_coef:0.0001,acc:0.149,nmi:0.1887582262824314，Ari:0.042945213899226765,stdnmi:0.0,stdacc:0.0,stdari:0.0

