SC:4.0
loss:0.34153276681900024 epoch:490 acc:0.149 nmi:0.18953843153874314 accMax:0.181 nmiMax:0.21384780196988687 ariMax:0.06383514193018966 curepoch:50
hid_units:512,lr:0.0001,l2_coef:1e-05,reg_coef:0.0001,acc:0.1535,nmi:0.19191651208719274，Ari:0.04977667013025485,stdnmi:0.0,stdacc:0.0,stdari:0.0

