SC:3.0
loss:-4023072.5 epoch:490 acc:0.32727272727272727 nmi:0.40720758065077156 accMax:0.5575757575757576 nmiMax:0.6063125254220085 ariMax:0.36502658578596564 curepoch:30
hid_units:256,lr:0.001,l2_coef:0.0001,reg_coef:0.01,acc:0.3696969696969697,nmi:0.42547914911277673，Ari:0.15590103220537083,stdnmi:0.0,stdacc:0.0,stdari:0.0

