SC:30.0
loss:-143630.875 epoch:490 acc:0.3696969696969697 nmi:0.453861492755828 accMax:0.5878787878787879 nmiMax:0.6050547382666343 ariMax:0.356707082814685 curepoch:30
hid_units:256,lr:0.001,l2_coef:0.0001,reg_coef:0.01,acc:0.32727272727272727,nmi:0.4121700787518739，Ari:0.17160010230316736,stdnmi:0.0,stdacc:0.0,stdari:0.0

