SC:80.0
loss:-62958.1015625 epoch:490 acc:0.43636363636363634 nmi:0.5169685565610208 accMax:0.6181818181818182 nmiMax:0.634602988184474 ariMax:0.41811744785653815 curepoch:80
hid_units:256,lr:0.001,l2_coef:0.0001,reg_coef:0.01,acc:0.3939393939393939,nmi:0.4769685690582563，Ari:0.19604238592715478,stdnmi:0.0,stdacc:0.0,stdari:0.0

