SC:7.0
loss:-5393486.0 epoch:490 acc:0.3090909090909091 nmi:0.40251259322058347 accMax:0.5575757575757576 nmiMax:0.6018615551327958 ariMax:0.36788267374161693 curepoch:20
hid_units:256,lr:0.001,l2_coef:0.0001,reg_coef:0.01,acc:0.3333333333333333,nmi:0.42429545414158426，Ari:0.16335148635948143,stdnmi:0.0,stdacc:0.0,stdari:0.0

