SC:10.0
loss:-150799.890625 epoch:490 acc:0.3090909090909091 nmi:0.4150281121745296 accMax:0.6303030303030303 nmiMax:0.6274219274693582 ariMax:0.3995052566481138 curepoch:20
hid_units:256,lr:0.001,l2_coef:0.0001,reg_coef:0.01,acc:0.296969696969697,nmi:0.395642604356475，Ari:0.12432290056229313,stdnmi:0.0,stdacc:0.0,stdari:0.0

