SC:20.0
loss:-126026.5078125 epoch:490 acc:0.3090909090909091 nmi:0.3876287217130154 accMax:0.6060606060606061 nmiMax:0.634697387433978 ariMax:0.42788334959500696 curepoch:40
hid_units:256,lr:0.001,l2_coef:0.0001,reg_coef:0.01,acc:0.3151515151515151,nmi:0.3898823234145423，Ari:0.13584524325104663,stdnmi:0.0,stdacc:0.0,stdari:0.0

