SC:70.0
loss:-87687.3046875 epoch:490 acc:0.38181818181818183 nmi:0.4790169435328005 accMax:0.6060606060606061 nmiMax:0.6290619892080948 ariMax:0.3918674480862456 curepoch:50
hid_units:256,lr:0.001,l2_coef:0.0001,reg_coef:0.01,acc:0.37575757575757573,nmi:0.4522697799440177，Ari:0.1936442519309755,stdnmi:0.0,stdacc:0.0,stdari:0.0

