SC:5.0
loss:-162124.3125 epoch:490 acc:0.296969696969697 nmi:0.3743974479315459 accMax:0.6060606060606061 nmiMax:0.6335592531922505 ariMax:0.42165268289700913 curepoch:30
hid_units:256,lr:0.001,l2_coef:0.0001,reg_coef:0.01,acc:0.296969696969697,nmi:0.37892482106487574，Ari:0.10807439744671485,stdnmi:0.0,stdacc:0.0,stdari:0.0

