SC:1.0
loss:-7907108.0 epoch:490 acc:0.34545454545454546 nmi:0.42351249612250214 accMax:0.593939393939394 nmiMax:0.6250760186336114 ariMax:0.3997977694269631 curepoch:20
hid_units:256,lr:0.001,l2_coef:0.0001,reg_coef:0.01,acc:0.32727272727272727,nmi:0.4056093215381298，Ari:0.1361591212337481,stdnmi:0.0,stdacc:0.0,stdari:0.0

