SC:100.0
loss:-1982433.75 epoch:490 acc:0.3878787878787879 nmi:0.4716968462311898 accMax:0.47878787878787876 nmiMax:0.524428657950078 ariMax:0.24953820319059614 curepoch:60
hid_units:256,lr:0.001,l2_coef:0.0001,reg_coef:0.01,acc:0.3333333333333333,nmi:0.45097182562524624，Ari:0.16986657578167405,stdnmi:0.0,stdacc:0.0,stdari:0.0

