SC:4.0
loss:-8748980.0 epoch:490 acc:0.3393939393939394 nmi:0.39266371215434354 accMax:0.5575757575757576 nmiMax:0.6063133081247595 ariMax:0.3710029880033894 curepoch:20
hid_units:256,lr:0.001,l2_coef:0.0001,reg_coef:0.01,acc:0.2545454545454545,nmi:0.3528166454771252，Ari:0.09334542666796238,stdnmi:0.0,stdacc:0.0,stdari:0.0

