SC:8.0
loss:-155715.25 epoch:490 acc:0.3090909090909091 nmi:0.40167657169893695 accMax:0.5757575757575758 nmiMax:0.5933498898320047 ariMax:0.3623995052566481 curepoch:30
hid_units:256,lr:0.001,l2_coef:0.0001,reg_coef:0.01,acc:0.3090909090909091,nmi:0.3910788823515377，Ari:0.1057966386355841,stdnmi:0.0,stdacc:0.0,stdari:0.0

