SC:60.0
loss:-93726.2890625 epoch:490 acc:0.3939393939393939 nmi:0.4468042788307754 accMax:0.6 nmiMax:0.6265966785695745 ariMax:0.38712356309279256 curepoch:50
hid_units:256,lr:0.001,l2_coef:0.0001,reg_coef:0.01,acc:0.3333333333333333,nmi:0.3856927978552354，Ari:0.1307144122416166,stdnmi:0.0,stdacc:0.0,stdari:0.0

