SC:90.0
loss:-70857.5234375 epoch:490 acc:0.3696969696969697 nmi:0.440423244186837 accMax:0.6121212121212121 nmiMax:0.6433020951520948 ariMax:0.42089874499572666 curepoch:50
hid_units:256,lr:0.001,l2_coef:0.0001,reg_coef:0.01,acc:0.38181818181818183,nmi:0.4547187536027012，Ari:0.1793524301816354,stdnmi:0.0,stdacc:0.0,stdari:0.0

