SC:2.0
loss:-3842057.25 epoch:490 acc:0.2909090909090909 nmi:0.38157183411818213 accMax:0.5696969696969697 nmiMax:0.6084305919468066 ariMax:0.3677516066313431 curepoch:20
hid_units:256,lr:0.001,l2_coef:0.0001,reg_coef:0.01,acc:0.3151515151515151,nmi:0.3879995892237071，Ari:0.12836718829215532,stdnmi:0.0,stdacc:0.0,stdari:0.0

