SC:9.0
loss:-162399.203125 epoch:490 acc:0.2909090909090909 nmi:0.3720285304550103 accMax:0.5818181818181818 nmiMax:0.5952506034470765 ariMax:0.3685901808315523 curepoch:30
hid_units:256,lr:0.001,l2_coef:0.0001,reg_coef:0.01,acc:0.2909090909090909,nmi:0.3972637871034056，Ari:0.1082116214593992,stdnmi:0.0,stdacc:0.0,stdari:0.0

