SC:40.0
loss:-149166.5 epoch:490 acc:0.37575757575757573 nmi:0.39813405644802635 accMax:0.5454545454545454 nmiMax:0.6136382922802844 ariMax:0.3600668708298197 curepoch:50
hid_units:256,lr:0.001,l2_coef:0.0001,reg_coef:0.01,acc:0.36363636363636365,nmi:0.4058475988155811，Ari:0.1533684085604652,stdnmi:0.0,stdacc:0.0,stdari:0.0

