SC:6.0
loss:-164410.8125 epoch:490 acc:0.30303030303030304 nmi:0.37812764833361134 accMax:0.5636363636363636 nmiMax:0.6074071183949501 ariMax:0.36762197974675903 curepoch:30
hid_units:256,lr:0.001,l2_coef:0.0001,reg_coef:0.01,acc:0.3090909090909091,nmi:0.38327615845818125，Ari:0.12517921470825652,stdnmi:0.0,stdacc:0.0,stdari:0.0

