SC:50.0
loss:-111795.4140625 epoch:490 acc:0.30303030303030304 nmi:0.3971690210255237 accMax:0.593939393939394 nmiMax:0.6138546890105057 ariMax:0.37152885768871907 curepoch:40
hid_units:256,lr:0.001,l2_coef:0.0001,reg_coef:0.01,acc:0.32727272727272727,nmi:0.3943606089957084，Ari:0.13150590328963968,stdnmi:0.0,stdacc:0.0,stdari:0.0

