SC:0.0
loss:-5760272.0 epoch:490 acc:0.296969696969697 nmi:0.36083072041138964 accMax:0.5878787878787879 nmiMax:0.6127052709372707 ariMax:0.3785891635820805 curepoch:20
hid_units:256,lr:0.001,l2_coef:0.0001,reg_coef:0.01,acc:0.34545454545454546,nmi:0.39007518736140245，Ari:0.12189535239663489,stdnmi:0.0,stdacc:0.0,stdari:0.0

