SC:80.0
loss:4262903.5 epoch:490 acc:0.7714285714285715 nmi:0.67414457933176 accMax:0.8952380952380953 nmiMax:0.8068687047687646 ariMax:0.7667111658210631 curepoch:410
hid_units:128,lr:0.0001,l2_coef:1e-05,reg_coef:0.001,acc:0.719047619047619,nmi:0.6663361759226804，Ari:0.5743097940204449,stdnmi:0.0,stdacc:0.0,stdari:0.0

