SC:8.0
loss:4603484.0 epoch:490 acc:0.8047619047619048 nmi:0.7079764377219213 accMax:0.8761904761904762 nmiMax:0.7824969686298552 ariMax:0.734166443560433 curepoch:240
hid_units:128,lr:0.0001,l2_coef:1e-05,reg_coef:0.001,acc:0.6571428571428571,nmi:0.6197950374495579，Ari:0.5135303981849866,stdnmi:0.0,stdacc:0.0,stdari:0.0

