SC:4.0
loss:4677489.0 epoch:490 acc:0.7095238095238096 nmi:0.6474520317086707 accMax:0.8809523809523809 nmiMax:0.7838288108170358 ariMax:0.7419834405629668 curepoch:250
hid_units:128,lr:0.0001,l2_coef:1e-05,reg_coef:0.001,acc:0.6857142857142857,nmi:0.6226984713468008，Ari:0.5129343008107294,stdnmi:0.0,stdacc:0.0,stdari:0.0

