SC:3.0
loss:4692091.5 epoch:490 acc:0.7857142857142857 nmi:0.6775933368557188 accMax:0.8666666666666667 nmiMax:0.7673394384391481 ariMax:0.7215825724638659 curepoch:190
hid_units:128,lr:0.0001,l2_coef:1e-05,reg_coef:0.001,acc:0.6761904761904762,nmi:0.6165353789916765，Ari:0.5076632987787806,stdnmi:0.0,stdacc:0.0,stdari:0.0

