SC:90.0
loss:4278993.5 epoch:490 acc:0.8476190476190476 nmi:0.7644610217813875 accMax:0.8809523809523809 nmiMax:0.7792820842842763 ariMax:0.7394682467854032 curepoch:330
hid_units:128,lr:0.0001,l2_coef:1e-05,reg_coef:0.001,acc:0.8666666666666667,nmi:0.7739621557289034，Ari:0.719794731256465,stdnmi:0.0,stdacc:0.0,stdari:0.0

