SC:20.0
loss:4422527.5 epoch:490 acc:0.7666666666666667 nmi:0.6864077764658724 accMax:0.8761904761904762 nmiMax:0.7807574483807869 ariMax:0.7325009029554791 curepoch:380
hid_units:128,lr:0.0001,l2_coef:1e-05,reg_coef:0.001,acc:0.8285714285714286,nmi:0.7270036662584416，Ari:0.6552430144780576,stdnmi:0.0,stdacc:0.0,stdari:0.0

