SC:1.0
loss:4710337.5 epoch:490 acc:0.8142857142857143 nmi:0.7079142556138465 accMax:0.8714285714285714 nmiMax:0.7782165455293227 ariMax:0.7293124912550092 curepoch:320
hid_units:128,lr:0.0001,l2_coef:1e-05,reg_coef:0.001,acc:0.8095238095238095,nmi:0.710385514218294，Ari:0.6287419705642723,stdnmi:0.0,stdacc:0.0,stdari:0.0

