SC:5.0
loss:4660863.5 epoch:490 acc:0.7952380952380952 nmi:0.7064905548532274 accMax:0.8476190476190476 nmiMax:0.7440183711855421 ariMax:0.6932824103084912 curepoch:100
hid_units:128,lr:0.0001,l2_coef:1e-05,reg_coef:0.001,acc:0.6857142857142857,nmi:0.630040734090155，Ari:0.5174174923156205,stdnmi:0.0,stdacc:0.0,stdari:0.0

