SC:2.0
loss:4703743.5 epoch:490 acc:0.7857142857142857 nmi:0.6818925744503775 accMax:0.8523809523809524 nmiMax:0.7666288166968478 ariMax:0.7071241382958408 curepoch:90
hid_units:128,lr:0.0001,l2_coef:1e-05,reg_coef:0.001,acc:0.680952380952381,nmi:0.6270161557144239，Ari:0.5203558741236757,stdnmi:0.0,stdacc:0.0,stdari:0.0

