SC:0.0
loss:4709330.0 epoch:490 acc:0.6619047619047619 nmi:0.6184782867435511 accMax:0.861904761904762 nmiMax:0.7690157016758306 ariMax:0.7115045576944397 curepoch:240
hid_units:128,lr:0.0001,l2_coef:1e-05,reg_coef:0.001,acc:0.6666666666666666,nmi:0.619310283911589，Ari:0.5094144096367945,stdnmi:0.0,stdacc:0.0,stdari:0.0

