SC:7.0
loss:4622928.5 epoch:490 acc:0.8142857142857143 nmi:0.7084630540522479 accMax:0.8761904761904762 nmiMax:0.7824969686298551 ariMax:0.734166443560433 curepoch:210
hid_units:128,lr:0.0001,l2_coef:1e-05,reg_coef:0.001,acc:0.7571428571428571,nmi:0.6724598012313184，Ari:0.5997866003548348,stdnmi:0.0,stdacc:0.0,stdari:0.0

