SC:50.0
loss:4251137.5 epoch:490 acc:0.8285714285714286 nmi:0.7402936047148334 accMax:0.8714285714285714 nmiMax:0.7894574186727011 ariMax:0.7233124283498551 curepoch:470
hid_units:128,lr:0.0001,l2_coef:1e-05,reg_coef:0.001,acc:0.8428571428571429,nmi:0.7641892147365634，Ari:0.6794266453565098,stdnmi:0.0,stdacc:0.0,stdari:0.0

