SC:40.0
loss:4273700.0 epoch:490 acc:0.7238095238095238 nmi:0.6606267706002869 accMax:0.861904761904762 nmiMax:0.7868154289669792 ariMax:0.7119669808328104 curepoch:460
hid_units:128,lr:0.0001,l2_coef:1e-05,reg_coef:0.001,acc:0.8428571428571429,nmi:0.7657707243684316，Ari:0.6810783316378434,stdnmi:0.0,stdacc:0.0,stdari:0.0

