SC:1.0
 acc:0.1422,nmi:0.13813643341033405，Ari:0.02144555957257193,stdnmi:0.0045453272709453955,stdacc:0.0019896160566781696,stdari:0.001815537618396481
View:2, acc:0.129,nmi:0.1663149419244781，Ari:0.024648904404641604,stdnmi:0.004949747468305837,stdacc:0.0015987472819607774,stdari:0.0018467963680698055
View:3, acc:0.1315,nmi:0.17001385008599224，Ari:0.02773492234693147,stdnmi:0.0028106938645110413,stdacc:0.003632616428341879,stdari:0.0014301319835271183
View:4, acc:0.164,nmi:0.173241187190431，Ari:0.05468933544889275,stdnmi:0.005916079783099622,stdacc:0.0013647742223132375,stdari:0.002417540280856321
View:5, acc:0.13010000000000002,nmi:0.1558559104438085，Ari:0.03212039724599055,stdnmi:0.005526300751859245,stdacc:0.004936873311834918,stdari:0.0026021441421974338
