SC:30.0
loss:-1704.31884765625 epoch:490 acc:0.38 nmi:0.0682983635438869 accMax:0.516 nmiMax:0.26538382680454486 ariMax:0.21047414726991887 curepoch:220
hid_units:256,lr:0.01,l2_coef:0.001,reg_coef:0.0001,acc:0.33866666666666667,nmi:0.06841907168770199，Ari:0.04698627939081926,stdnmi:0.0,stdacc:0.0,stdari:0.0

