SC:5.0
loss:6.236598968505859 epoch:490 acc:0.52 nmi:0.3198767254394227 accMax:0.6046666666666667 nmiMax:0.37609676159277533 ariMax:0.292468042280257 curepoch:410
hid_units:256,lr:0.01,l2_coef:0.001,reg_coef:0.0001,acc:0.5626666666666666,nmi:0.3790160595855452，Ari:0.3034526896371948,stdnmi:0.0,stdacc:0.0,stdari:0.0

