SC:8.0
loss:-822.5726928710938 epoch:490 acc:0.314 nmi:0.11147396076086152 accMax:0.554 nmiMax:0.28965559800531204 ariMax:0.24999426753790602 curepoch:310
hid_units:256,lr:0.01,l2_coef:0.001,reg_coef:0.0001,acc:0.32466666666666666,nmi:0.16503652377739317，Ari:0.1201514773879422,stdnmi:0.0,stdacc:0.0,stdari:0.0

