SC:3.0
loss:-2824.054443359375 epoch:490 acc:0.33 nmi:0.12262691123594362 accMax:0.522 nmiMax:0.32233996602502785 ariMax:0.2541141471933842 curepoch:80
hid_units:256,lr:0.01,l2_coef:0.001,reg_coef:0.0001,acc:0.2886666666666667,nmi:0.07205727825236434，Ari:0.06584802506612396,stdnmi:0.0,stdacc:0.0,stdari:0.0

