SC:70.0
loss:1.378587245941162 epoch:490 acc:0.2926666666666667 nmi:0.031830307689738706 accMax:0.37 nmiMax:0.05979456136053585 ariMax:0.041425495756950426 curepoch:400
hid_units:256,lr:0.01,l2_coef:0.001,reg_coef:0.0001,acc:0.27666666666666667,nmi:0.036903866248016795，Ari:-0.003103549736251217,stdnmi:0.0,stdacc:0.0,stdari:0.0

