SC:100.0
loss:3.4164271354675293 epoch:490 acc:0.274 nmi:0.010288232848794142 accMax:0.36866666666666664 nmiMax:0.052454900798958495 ariMax:0.04441471796585066 curepoch:300
hid_units:256,lr:0.01,l2_coef:0.001,reg_coef:0.0001,acc:0.2753333333333333,nmi:0.019908493248407228，Ari:-0.0013649089564623743,stdnmi:0.0,stdacc:0.0,stdari:0.0

