SC:1.0
loss:-3557.646240234375 epoch:490 acc:0.284 nmi:0.07388713462632981 accMax:0.522 nmiMax:0.36399022730577785 ariMax:0.2237943184668907 curepoch:70
hid_units:256,lr:0.01,l2_coef:0.001,reg_coef:0.0001,acc:0.2846666666666667,nmi:0.07612503421753054，Ari:0.06812414239318929,stdnmi:0.0,stdacc:0.0,stdari:0.0

