SC:7.0
loss:0.34706413745880127 epoch:490 acc:0.43533333333333335 nmi:0.30546936994999285 accMax:0.5686666666666667 nmiMax:0.36796484983281913 ariMax:0.2663217296545165 curepoch:150
hid_units:256,lr:0.01,l2_coef:0.001,reg_coef:0.0001,acc:0.39666666666666667,nmi:0.28130603784610325，Ari:0.17589632905664793,stdnmi:0.0,stdacc:0.0,stdari:0.0

