SC:40.0
loss:-2190.86328125 epoch:490 acc:0.2806666666666667 nmi:0.018901051605464 accMax:0.4633333333333333 nmiMax:0.21294091557255168 ariMax:0.17431817580184378 curepoch:200
hid_units:256,lr:0.01,l2_coef:0.001,reg_coef:0.0001,acc:0.2773333333333333,nmi:0.019669050666545278，Ari:0.0021238483826773276,stdnmi:0.0,stdacc:0.0,stdari:0.0

