SC:9.0
loss:-736.4531860351562 epoch:490 acc:0.3313333333333333 nmi:0.12369191278635885 accMax:0.5853333333333334 nmiMax:0.38203736971080565 ariMax:0.299901663536336 curepoch:90
hid_units:256,lr:0.01,l2_coef:0.001,reg_coef:0.0001,acc:0.314,nmi:0.11263433750391047，Ari:0.08294537221195543,stdnmi:0.0,stdacc:0.0,stdari:0.0

