SC:80.0
loss:2.9851436614990234 epoch:490 acc:0.276 nmi:0.031526167100065394 accMax:0.37 nmiMax:0.052225958962335825 ariMax:0.04009181365054584 curepoch:380
hid_units:256,lr:0.01,l2_coef:0.001,reg_coef:0.0001,acc:0.2833333333333333,nmi:0.04342891906118887，Ari:-0.0031091118971230992,stdnmi:0.0,stdacc:0.0,stdari:0.0

