SC:6.0
loss:0.20760536193847656 epoch:490 acc:0.43133333333333335 nmi:0.2999955554985695 accMax:0.5526666666666666 nmiMax:0.3332827922570774 ariMax:0.26404118361226403 curepoch:200
hid_units:256,lr:0.01,l2_coef:0.001,reg_coef:0.0001,acc:0.37666666666666665,nmi:0.2690298714506489，Ari:0.16501710173285442,stdnmi:0.0,stdacc:0.0,stdari:0.0

