SC:50.0
loss:-82.267333984375 epoch:490 acc:0.38466666666666666 nmi:0.08004479543472832 accMax:0.528 nmiMax:0.2712844244372748 ariMax:0.15347988633940632 curepoch:420
hid_units:256,lr:0.01,l2_coef:0.001,reg_coef:0.0001,acc:0.396,nmi:0.0846451453638635，Ari:0.06040345211176301,stdnmi:0.0,stdacc:0.0,stdari:0.0

