SC:4.0
loss:-2354.544677734375 epoch:490 acc:0.2786666666666667 nmi:0.0675816156664691 accMax:0.48333333333333334 nmiMax:0.32293203923947567 ariMax:0.2467652089964327 curepoch:10
hid_units:256,lr:0.01,l2_coef:0.001,reg_coef:0.0001,acc:0.2753333333333333,nmi:0.07015077949294689，Ari:0.05855440936888986,stdnmi:0.0,stdacc:0.0,stdari:0.0

