SC:90.0
loss:3.132294178009033 epoch:490 acc:0.27466666666666667 nmi:0.02527785619773798 accMax:0.36933333333333335 nmiMax:0.05156646860826699 ariMax:0.04451326822098964 curepoch:300
hid_units:256,lr:0.01,l2_coef:0.001,reg_coef:0.0001,acc:0.276,nmi:0.029834578643456365，Ari:-0.0038720864476817136,stdnmi:0.0,stdacc:0.0,stdari:0.0

