SC:60.0
loss:-96.65489959716797 epoch:490 acc:0.4046666666666667 nmi:0.08589292365950035 accMax:0.424 nmiMax:0.21140644006205198 ariMax:0.11336138971119798 curepoch:320
hid_units:256,lr:0.01,l2_coef:0.001,reg_coef:0.0001,acc:0.402,nmi:0.08310285805722292，Ari:0.08694545284732182,stdnmi:0.0,stdacc:0.0,stdari:0.0

