SC:2.0
loss:-4022.491943359375 epoch:490 acc:0.288 nmi:0.0758140077339105 accMax:0.532 nmiMax:0.30806212357522256 ariMax:0.2790897151868066 curepoch:10
hid_units:256,lr:0.01,l2_coef:0.001,reg_coef:0.0001,acc:0.29,nmi:0.0762758962026001，Ari:0.06885017404315102,stdnmi:0.0,stdacc:0.0,stdari:0.0

