SC:20.0
loss:-4346.36669921875 epoch:490 acc:0.3626666666666667 nmi:0.10711515899249326 accMax:0.5566666666666666 nmiMax:0.333404025305875 ariMax:0.24972762620056158 curepoch:190
hid_units:256,lr:0.01,l2_coef:0.001,reg_coef:0.0001,acc:0.368,nmi:0.1172109601996611，Ari:0.08710689513055392,stdnmi:0.0,stdacc:0.0,stdari:0.0

