SC:0.0
loss:-3311.5791015625 epoch:490 acc:0.30533333333333335 nmi:0.07621905122647696 accMax:0.5253333333333333 nmiMax:0.33239526442329026 ariMax:0.24623630780989392 curepoch:130
hid_units:256,lr:0.01,l2_coef:0.001,reg_coef:0.0001,acc:0.304,nmi:0.07365314762477829，Ari:0.07841662230492719,stdnmi:0.0,stdacc:0.0,stdari:0.0

