SC:10.0
loss:-669.6290893554688 epoch:490 acc:0.31466666666666665 nmi:0.15301079849590854 accMax:0.6193333333333333 nmiMax:0.4106249385040995 ariMax:0.3468088664208604 curepoch:160
hid_units:256,lr:0.01,l2_coef:0.001,reg_coef:0.0001,acc:0.25266666666666665,nmi:0.08543528011655102，Ari:0.04006306764515089,stdnmi:0.0,stdacc:0.0,stdari:0.0

