SC:1.0
 acc:0.3045,nmi:0.17761275281088526，Ari:0.07815247858816626,stdnmi:0.0664007195409474,stdacc:0.060334123945916314,stdari:0.045249984397175945
View:2, acc:0.27266666666666667,nmi:0.15023703651341397，Ari:0.06599410951060061,stdnmi:0.07628419087712589,stdacc:0.06376760299864268,stdari:0.05265998609891092
View:3, acc:0.29100000000000004,nmi:0.17411786058468698，Ari:0.05882214153965713,stdnmi:0.05123041631253406,stdacc:0.03860359269831055,stdari:0.0337988758504325
View:4, acc:0.26116666666666666,nmi:0.13804427783146678，Ari:0.043181747479277055,stdnmi:0.06850101378000832,stdacc:0.04666846735756047,stdari:0.0467580382864369
View:5, acc:0.30400000000000005,nmi:0.1743933951099386，Ari:0.07248195546631549,stdnmi:0.09654216119856075,stdacc:0.08237449394322678,stdari:0.05913530035665187
