SC:1.0
 acc:0.18838095238095237,nmi:0.2583875623246327，Ari:0.0759722874244362,stdnmi:0.007897299977762999,stdacc:0.006202638661198218,stdari:0.0032787189088849733
View:2, acc:0.19295238095238093,nmi:0.25315765951470764，Ari:0.06918885795198901,stdnmi:0.003681171064778603,stdacc:0.004729311689099036,stdari:0.0041160960065829135
View:3, acc:0.18619047619047618,nmi:0.2342442559011558，Ari:0.060178656621972505,stdnmi:0.005753831415997415,stdacc:0.003310567557386347,stdari:0.0025593803746166094
