SC:40.0
loss:2.870387077331543 epoch:490 acc:0.1805 nmi:0.21702215198422864 accMax:0.2 nmiMax:0.22289597717510695 ariMax:0.0910026052732323 curepoch:260
hid_units:128,lr:0.0001,l2_coef:1e-05,reg_coef:0.0001,acc:0.1825,nmi:0.2211654657964243，Ari:0.07235453994559528,stdnmi:0.0,stdacc:0.0,stdari:0.0

