SC:7.0
loss:2.0049190521240234 epoch:490 acc:0.1855 nmi:0.22936274479353252 accMax:0.187 nmiMax:0.22439773245200165 ariMax:0.06903045170819343 curepoch:240
hid_units:128,lr:0.0001,l2_coef:1e-05,reg_coef:0.0001,acc:0.175,nmi:0.22605123736801966，Ari:0.06782892055104126,stdnmi:0.0,stdacc:0.0,stdari:0.0

