SC:8.0
loss:2.030090093612671 epoch:490 acc:0.172 nmi:0.2164950177222175 accMax:0.189 nmiMax:0.2261633788179757 ariMax:0.07753701669318548 curepoch:240
hid_units:128,lr:0.0001,l2_coef:1e-05,reg_coef:0.0001,acc:0.1785,nmi:0.21908108768244222，Ari:0.06690663956666822,stdnmi:0.0,stdacc:0.0,stdari:0.0

