SC:70.0
loss:3.20354962348938 epoch:490 acc:0.1685 nmi:0.2081229091340099 accMax:0.1945 nmiMax:0.22909728871201265 ariMax:0.08220005904036591 curepoch:70
hid_units:128,lr:0.0001,l2_coef:1e-05,reg_coef:0.0001,acc:0.1685,nmi:0.2091154993039843，Ari:0.058241747040835096,stdnmi:0.0,stdacc:0.0,stdari:0.0

