SC:20.0
loss:2.3988699913024902 epoch:490 acc:0.1825 nmi:0.22603923679719606 accMax:0.195 nmiMax:0.22371476285761258 ariMax:0.07890465279276979 curepoch:200
hid_units:128,lr:0.0001,l2_coef:1e-05,reg_coef:0.0001,acc:0.1715,nmi:0.21708221610201803，Ari:0.06866619292140434,stdnmi:0.0,stdacc:0.0,stdari:0.0

