SC:4.0
loss:1.9683973789215088 epoch:490 acc:0.171 nmi:0.21574182673276776 accMax:0.1845 nmiMax:0.22205537467134825 ariMax:0.06824070007990606 curepoch:120
hid_units:128,lr:0.0001,l2_coef:1e-05,reg_coef:0.0001,acc:0.17,nmi:0.2261954634747851，Ari:0.06426902984358879,stdnmi:0.0,stdacc:0.0,stdari:0.0

