SC:1.0
loss:1.9406737089157104 epoch:490 acc:0.1765 nmi:0.22370457713931038 accMax:0.183 nmiMax:0.22726815278409424 ariMax:0.07271678339942345 curepoch:210
hid_units:128,lr:0.0001,l2_coef:1e-05,reg_coef:0.0001,acc:0.161,nmi:0.21462446974899183，Ari:0.059238638928775206,stdnmi:0.0,stdacc:0.0,stdari:0.0

