SC:30.0
loss:2.6637895107269287 epoch:490 acc:0.169 nmi:0.21793388403387357 accMax:0.191 nmiMax:0.21888494796519958 ariMax:0.07416406103494771 curepoch:390
hid_units:128,lr:0.0001,l2_coef:1e-05,reg_coef:0.0001,acc:0.182,nmi:0.22691209806325385，Ari:0.07051150024039712,stdnmi:0.0,stdacc:0.0,stdari:0.0

