SC:100.0
loss:3.3123390674591064 epoch:490 acc:0.173 nmi:0.20656272795887576 accMax:0.204 nmiMax:0.23238067007020144 ariMax:0.0786840814846978 curepoch:90
hid_units:128,lr:0.0001,l2_coef:1e-05,reg_coef:0.0001,acc:0.181,nmi:0.2138931756979811，Ari:0.06973798888341075,stdnmi:0.0,stdacc:0.0,stdari:0.0

