SC:3.0
loss:1.970662236213684 epoch:490 acc:0.184 nmi:0.22344439709951588 accMax:0.186 nmiMax:0.22264550897482147 ariMax:0.06839978405393066 curepoch:300
hid_units:128,lr:0.0001,l2_coef:1e-05,reg_coef:0.0001,acc:0.1745,nmi:0.22454254995597217，Ari:0.06953065661831531,stdnmi:0.0,stdacc:0.0,stdari:0.0

