SC:60.0
loss:1.4155255556106567 epoch:490 acc:0.4673333333333333 nmi:0.2983232777049608 accMax:0.49066666666666664 nmiMax:0.30944236463722846 ariMax:0.27753604594287545 curepoch:450
hid_units:512,lr:0.0001,l2_coef:0.01,reg_coef:1e-05,acc:0.4686666666666667,nmi:0.2930354123486466，Ari:0.25975931884227466,stdnmi:0.0,stdacc:0.0,stdari:0.0

