SC:90.0
loss:3.307971954345703 epoch:490 acc:0.41333333333333333 nmi:0.18141001040646043 accMax:0.462 nmiMax:0.2498750011782661 ariMax:0.22949927892013883 curepoch:40
hid_units:512,lr:0.0001,l2_coef:0.01,reg_coef:1e-05,acc:0.3973333333333333,nmi:0.190813819745352，Ari:0.1592555482921041,stdnmi:0.0,stdacc:0.0,stdari:0.0

