SC:100.0
loss:3.412588357925415 epoch:490 acc:0.32666666666666666 nmi:0.057415129049377414 accMax:0.4513333333333333 nmiMax:0.21087180954687937 ariMax:0.1937778321453155 curepoch:10
hid_units:512,lr:0.0001,l2_coef:0.01,reg_coef:1e-05,acc:0.316,nmi:0.05536583475537554，Ari:0.029535538742792255,stdnmi:0.0,stdacc:0.0,stdari:0.0

