SC:70.0
loss:2.012399196624756 epoch:490 acc:0.458 nmi:0.2987708192857432 accMax:0.4726666666666667 nmiMax:0.292817639597402 ariMax:0.2352894672883578 curepoch:430
hid_units:512,lr:0.0001,l2_coef:0.01,reg_coef:1e-05,acc:0.37733333333333335,nmi:0.28954360441670884，Ari:0.19894480768906797,stdnmi:0.0,stdacc:0.0,stdari:0.0

