SC:1.0
loss:-0.45305660367012024 epoch:490 acc:0.33466666666666667 nmi:0.09154000140457247 accMax:0.5593333333333333 nmiMax:0.3375130937350819 ariMax:0.3349430006770222 curepoch:260
hid_units:512,lr:0.0001,l2_coef:0.01,reg_coef:1e-05,acc:0.2813333333333333,nmi:0.07941674521644455，Ari:0.06178316609013151,stdnmi:0.0,stdacc:0.0,stdari:0.0

