SC:4.0
loss:0.01153566688299179 epoch:490 acc:0.426 nmi:0.24402812675701294 accMax:0.5746666666666667 nmiMax:0.3536301823532259 ariMax:0.3487239517017726 curepoch:350
hid_units:512,lr:0.0001,l2_coef:0.01,reg_coef:1e-05,acc:0.386,nmi:0.24711633513530076，Ari:0.19399683969384185,stdnmi:0.0,stdacc:0.0,stdari:0.0

