SC:7.0
loss:0.15067335963249207 epoch:490 acc:0.49066666666666664 nmi:0.3108458359783407 accMax:0.5673333333333334 nmiMax:0.39217675924698825 ariMax:0.33361771998711426 curepoch:320
hid_units:512,lr:0.0001,l2_coef:0.01,reg_coef:1e-05,acc:0.488,nmi:0.30504223492298355，Ari:0.29708196364630773,stdnmi:0.0,stdacc:0.0,stdari:0.0

