SC:8.0
loss:0.17410095036029816 epoch:490 acc:0.49333333333333335 nmi:0.31527307411455835 accMax:0.5753333333333334 nmiMax:0.3516537733397619 ariMax:0.3543945439901865 curepoch:480
hid_units:512,lr:0.0001,l2_coef:0.01,reg_coef:1e-05,acc:0.4786666666666667,nmi:0.31439843843561127，Ari:0.28223424559666754,stdnmi:0.0,stdacc:0.0,stdari:0.0

