SC:40.0
loss:0.7499736547470093 epoch:490 acc:0.478 nmi:0.29852304990423295 accMax:0.5493333333333333 nmiMax:0.3316933680565172 ariMax:0.30586522260955007 curepoch:450
hid_units:512,lr:0.0001,l2_coef:0.01,reg_coef:1e-05,acc:0.5146666666666667,nmi:0.32330241097510115，Ari:0.2858900808274595,stdnmi:0.0,stdacc:0.0,stdari:0.0

