SC:80.0
loss:2.812027931213379 epoch:490 acc:0.44533333333333336 nmi:0.2783893928659414 accMax:0.468 nmiMax:0.2770681432850679 ariMax:0.21544024243128393 curepoch:480
hid_units:512,lr:0.0001,l2_coef:0.01,reg_coef:1e-05,acc:0.4633333333333333,nmi:0.2725313748869117，Ari:0.25919853610344795,stdnmi:0.0,stdacc:0.0,stdari:0.0

