SC:10.0
loss:0.2083815038204193 epoch:490 acc:0.47733333333333333 nmi:0.3244128375312444 accMax:0.6086666666666667 nmiMax:0.42752108709107695 ariMax:0.2810426813815275 curepoch:110
hid_units:512,lr:0.0001,l2_coef:0.01,reg_coef:1e-05,acc:0.522,nmi:0.34147009226509617，Ari:0.30369438078907957,stdnmi:0.0,stdacc:0.0,stdari:0.0

