SC:10.0
loss:0.3566502034664154 epoch:490 acc:0.438 nmi:0.2727167813813143 accMax:0.5753333333333334 nmiMax:0.38068012549179797 ariMax:0.24909831142618416 curepoch:60
hid_units:64,lr:0.01,l2_coef:0.01,acc:0.434,nmi:0.2767795246723062，Ari:0.1967938758832246,stdnmi:0.0,stdacc:0.0,stdari:0.0

SC:10.0
loss:0.33419448137283325 epoch:490 acc:0.5373333333333333 nmi:0.34997741769532936 accMax:0.5626666666666666 nmiMax:0.3816435366996072 ariMax:0.24724711481579736 curepoch:400
hid_units:128,lr:0.01,l2_coef:0.01,acc:0.5506666666666666,nmi:0.3626532745900092，Ari:0.24102424522248267,stdnmi:0.0,stdacc:0.0,stdari:0.0

SC:10.0
loss:0.41173797845840454 epoch:490 acc:0.5693333333333334 nmi:0.44012171190644 accMax:0.5846666666666667 nmiMax:0.42201530831233564 ariMax:0.31763039347887545 curepoch:330
hid_units:256,lr:0.01,l2_coef:0.01,acc:0.5933333333333334,nmi:0.45402165410004186，Ari:0.3431005173570239,stdnmi:0.0,stdacc:0.0,stdari:0.0

SC:10.0
