SC:10.0
loss:-69087904.0 epoch:490 acc:0.6272189349112426 nmi:0.5506566498662631 accMax:0.7692307692307693 nmiMax:0.6451132217598432 ariMax:0.668275475500433 curepoch:200
hid:128,lr:0.01,l2_coef:0.01,reg_coef:0.01,acc:0.6390532544378699,nmi:0.5601051526742353，Ari:0.5439740105973646,stdnmi:0.0,stdacc:0.0,stdari:0.0

