SC:10.0
loss:-4219735.5 epoch:490 acc:0.621301775147929 nmi:0.5885510469631664 accMax:0.8047337278106509 nmiMax:0.6816817012929495 ariMax:0.725403888339872 curepoch:110
hid_units:512,lr:0.01,l2_coef:0.001,reg_coef:0.001,acc:0.5739644970414202,nmi:0.5560924443781372，Ari:0.4206061667235139,stdnmi:0.0,stdacc:0.0,stdari:0.0

