SC:70.0
loss:-1449.1663818359375 epoch:4990 acc:0.20714285714285716 nmi:0.25847299483664554 accMax:0.27904761904761904 nmiMax:0.3100905803148444 ariMax:0.11872054916976102 curepoch:790
hid_units:512,lr:0.0001,l2_coef:0.01,reg_coef:0.01,acc:0.19857142857142857,nmi:0.26440709785773403，Ari:0.08199322910058476,stdnmi:0.0,stdacc:0.0,stdari:0.0

