SC:90.0
loss:-1790.7578125 epoch:4990 acc:0.20523809523809525 nmi:0.2515017625677675 accMax:0.2733333333333333 nmiMax:0.3177461563129731 ariMax:0.12025993208580019 curepoch:660
hid_units:512,lr:0.0001,l2_coef:0.01,reg_coef:0.01,acc:0.21428571428571427,nmi:0.25249610292368424，Ari:0.07905034004995917,stdnmi:0.0,stdacc:0.0,stdari:0.0

