SC:5.0
loss:-941.334228515625 epoch:4990 acc:0.25952380952380955 nmi:0.31669997399504196 accMax:0.29619047619047617 nmiMax:0.34207157904562124 ariMax:0.1407892020229702 curepoch:400
hid_units:512,lr:0.0001,l2_coef:0.01,reg_coef:0.01,acc:0.2423809523809524,nmi:0.31605726911690446，Ari:0.12779562541366163,stdnmi:0.0,stdacc:0.0,stdari:0.0

