SC:1.0
loss:-1127.152587890625 epoch:4990 acc:0.23857142857142857 nmi:0.30480322888998335 accMax:0.30095238095238097 nmiMax:0.3528379166533568 ariMax:0.14239349334078288 curepoch:500
hid_units:512,lr:0.0001,l2_coef:0.01,reg_coef:0.01,acc:0.2604761904761905,nmi:0.31460772906756435，Ari:0.12118764484808704,stdnmi:0.0,stdacc:0.0,stdari:0.0

