SC:20.0
loss:-746.7125854492188 epoch:4990 acc:0.25476190476190474 nmi:0.2983564890528326 accMax:0.28809523809523807 nmiMax:0.33355809240883827 ariMax:0.13053240710125288 curepoch:470
hid_units:512,lr:0.0001,l2_coef:0.01,reg_coef:0.01,acc:0.26285714285714284,nmi:0.3048759120951684，Ari:0.1139670540136878,stdnmi:0.0,stdacc:0.0,stdari:0.0

