SC:30.0
loss:-835.6121826171875 epoch:4990 acc:0.25 nmi:0.2892924429781279 accMax:0.2885714285714286 nmiMax:0.34427831928205865 ariMax:0.1371305846412516 curepoch:500
hid_units:512,lr:0.0001,l2_coef:0.01,reg_coef:0.01,acc:0.24761904761904763,nmi:0.2902870589249654，Ari:0.10381159571303349,stdnmi:0.0,stdacc:0.0,stdari:0.0

