SC:40.0
loss:-969.107666015625 epoch:4990 acc:0.23095238095238096 nmi:0.2798808531891069 accMax:0.2919047619047619 nmiMax:0.33837273262197587 ariMax:0.13425990638294683 curepoch:290
hid_units:512,lr:0.0001,l2_coef:0.01,reg_coef:0.01,acc:0.23523809523809525,nmi:0.2812981492152067，Ari:0.09988195755042859,stdnmi:0.0,stdacc:0.0,stdari:0.0

