SC:2.0
loss:-1096.15478515625 epoch:4990 acc:0.24142857142857144 nmi:0.3174646778527479 accMax:0.30333333333333334 nmiMax:0.3424632065315266 ariMax:0.142570386983638 curepoch:270
hid_units:512,lr:0.0001,l2_coef:0.01,reg_coef:0.01,acc:0.23714285714285716,nmi:0.3029528492545302，Ari:0.11878084975859923,stdnmi:0.0,stdacc:0.0,stdari:0.0

