SC:100.0
loss:-0.21210718154907227 epoch:490 acc:0.26857142857142857 nmi:0.31625059590504984 accMax:0.27285714285714285 nmiMax:0.32126198204821316 ariMax:0.12252064266280858 curepoch:330
hid_units:512,lr:0.0001,l2_coef:0.01,reg_coef:0.01,acc:0.2642857142857143,nmi:0.31475259145964357，Ari:0.11977978996721085,stdnmi:0.0,stdacc:0.0,stdari:0.0

