SC:80.0
loss:-1614.7264404296875 epoch:4990 acc:0.1961904761904762 nmi:0.25609474194069276 accMax:0.27285714285714285 nmiMax:0.32310491072951875 ariMax:0.12423395764587224 curepoch:390
hid_units:512,lr:0.0001,l2_coef:0.01,reg_coef:0.01,acc:0.2,nmi:0.25122931890052，Ari:0.07482154211169334,stdnmi:0.0,stdacc:0.0,stdari:0.0

