SC:50.0
loss:-1122.2305908203125 epoch:4990 acc:0.22857142857142856 nmi:0.2738647503558818 accMax:0.2857142857142857 nmiMax:0.3351071006594329 ariMax:0.13453931742937886 curepoch:600
hid_units:512,lr:0.0001,l2_coef:0.01,reg_coef:0.01,acc:0.2123809523809524,nmi:0.2639254147850986，Ari:0.08287199556205144,stdnmi:0.0,stdacc:0.0,stdari:0.0

