SC:3.0
loss:-1049.341064453125 epoch:4990 acc:0.23333333333333334 nmi:0.3097700569696903 accMax:0.2957142857142857 nmiMax:0.3443471741088602 ariMax:0.14598621631989855 curepoch:300
hid_units:512,lr:0.0001,l2_coef:0.01,reg_coef:0.01,acc:0.26142857142857145,nmi:0.3142111523589027，Ari:0.12297645568628132,stdnmi:0.0,stdacc:0.0,stdari:0.0

