SC:60.0
loss:-1280.1748046875 epoch:4990 acc:0.21619047619047618 nmi:0.2679787306532066 accMax:0.2776190476190476 nmiMax:0.33767090503564545 ariMax:0.12904559206095295 curepoch:480
hid_units:512,lr:0.0001,l2_coef:0.01,reg_coef:0.01,acc:0.21,nmi:0.2572358144546462，Ari:0.07949069417306265,stdnmi:0.0,stdacc:0.0,stdari:0.0

