SC:9.0
loss:-787.9645385742188 epoch:4990 acc:0.26 nmi:0.3118280242550866 accMax:0.2904761904761905 nmiMax:0.3406629921839348 ariMax:0.14415089548181745 curepoch:180
hid_units:512,lr:0.0001,l2_coef:0.01,reg_coef:0.01,acc:0.26095238095238094,nmi:0.2983326867813633，Ari:0.11490432556636111,stdnmi:0.0,stdacc:0.0,stdari:0.0

