SC:7.0
loss:-849.3443603515625 epoch:4990 acc:0.21714285714285714 nmi:0.3005282216250671 accMax:0.29714285714285715 nmiMax:0.35870917258044294 ariMax:0.14231807264799962 curepoch:590
hid_units:512,lr:0.0001,l2_coef:0.01,reg_coef:0.01,acc:0.2661904761904762,nmi:0.3157418534029037，Ari:0.12433423266342761,stdnmi:0.0,stdacc:0.0,stdari:0.0

