SC:6.0
loss:-891.8923950195312 epoch:4990 acc:0.26 nmi:0.3112617832555982 accMax:0.2980952380952381 nmiMax:0.3456499911915836 ariMax:0.14656647050447463 curepoch:250
hid_units:512,lr:0.0001,l2_coef:0.01,reg_coef:0.01,acc:0.24619047619047618,nmi:0.3159165109434624，Ari:0.12014372099208874,stdnmi:0.0,stdacc:0.0,stdari:0.0

