SC:10.0
loss:-770.566162109375 epoch:4990 acc:0.25857142857142856 nmi:0.30304592742080716 accMax:0.2914285714285714 nmiMax:0.35131474904357074 ariMax:0.14288444320684973 curepoch:380
hid_units:512,lr:0.0001,l2_coef:0.01,reg_coef:0.01,acc:0.25285714285714284,nmi:0.3045936464874001，Ari:0.11319411562324964,stdnmi:0.0,stdacc:0.0,stdari:0.0

