SC:0.0
loss:-0.14757835865020752 epoch:490 acc:0.2633333333333333 nmi:0.3462862249197813 accMax:0.29428571428571426 nmiMax:0.33893101327640873 ariMax:0.1415946307547399 curepoch:230
hid_units:512,lr:0.0001,l2_coef:0.01,reg_coef:0.01,acc:0.2776190476190476,nmi:0.3485677766477027，Ari:0.1399051586382782,stdnmi:0.0,stdacc:0.0,stdari:0.0

