SC:8.0
loss:-812.522216796875 epoch:4990 acc:0.2719047619047619 nmi:0.31166008045065136 accMax:0.2919047619047619 nmiMax:0.3404138213579693 ariMax:0.1415126781203502 curepoch:350
hid_units:512,lr:0.0001,l2_coef:0.01,reg_coef:0.01,acc:0.25523809523809526,nmi:0.3100938273422866，Ari:0.1158772975178874,stdnmi:0.0,stdacc:0.0,stdari:0.0

