SC:4.0
loss:-994.8363647460938 epoch:4990 acc:0.2604761904761905 nmi:0.3110682012162013 accMax:0.2947619047619048 nmiMax:0.33895006121346233 ariMax:0.13932135328933323 curepoch:300
hid_units:512,lr:0.0001,l2_coef:0.01,reg_coef:0.01,acc:0.2438095238095238,nmi:0.31672686465786887，Ari:0.12448627119191043,stdnmi:0.0,stdacc:0.0,stdari:0.0

