SC:1.0
 acc:0.3937333333333333,nmi:0.14773200750595394，Ari:0.08792557717416932,stdnmi:0.09407665904876605,stdacc:0.09056056992203095,stdari:0.11176814264813893
View:2, acc:0.4038666666666667,nmi:0.11997969845439507，Ari:0.06971137934547922,stdnmi:0.01580660902562244,stdacc:0.021350710869894648,stdari:0.008416214915652264
View:3, acc:0.43079999999999996,nmi:0.17624733777988394，Ari:0.10331724030523352,stdnmi:0.011457360564768447,stdacc:0.032453923171336316,stdari:0.02802068894024414
View:4, acc:0.4224,nmi:0.24462430727693446，Ari:0.1491534247188905,stdnmi:0.038805726954206685,stdacc:0.045221891785889215,stdari:0.07287602979279205
View:5, acc:0.42066666666666663,nmi:0.22081856215632817，Ari:0.13458909810664274,stdnmi:0.044231713107728984,stdacc:0.022403107464883464,stdari:0.0675221118693179
