SC:40.0
loss:-17.838481903076172 epoch:490 acc:0.37916666666666665 nmi:0.1677032833300722 accMax:0.47333333333333333 nmiMax:0.27826712173017815 ariMax:0.15706917608992702 curepoch:340
hid_units:512,lr:0.001,l2_coef:0.0001,reg_coef:1e-05,acc:0.325,nmi:0.11232078198340535，Ari:0.05591877894620142,stdnmi:0.0,stdacc:0.0,stdari:0.0

