SC:8.0
loss:-61.96900939941406 epoch:490 acc:0.2708333333333333 nmi:0.06617429211603922 accMax:0.5441666666666667 nmiMax:0.3414041962196652 ariMax:0.24086611562527266 curepoch:100
hid_units:512,lr:0.001,l2_coef:0.0001,reg_coef:1e-05,acc:0.2725,nmi:0.06497171700889967，Ari:0.036444335370082716,stdnmi:0.0,stdacc:0.0,stdari:0.0

