SC:5.0
loss:-31.55998992919922 epoch:490 acc:0.2825 nmi:0.06987213968869647 accMax:0.5383333333333333 nmiMax:0.3454934324883173 ariMax:0.24279604335837932 curepoch:130
hid_units:512,lr:0.001,l2_coef:0.0001,reg_coef:1e-05,acc:0.28,nmi:0.0685965299151542，Ari:0.03793858956781302,stdnmi:0.0,stdacc:0.0,stdari:0.0

