SC:9.0
loss:-66.26638793945312 epoch:490 acc:0.2825 nmi:0.07265364568923004 accMax:0.5616666666666666 nmiMax:0.37662113614233883 ariMax:0.2514119286959487 curepoch:110
hid_units:512,lr:0.001,l2_coef:0.0001,reg_coef:1e-05,acc:0.27666666666666667,nmi:0.06814801085040639，Ari:0.03825718124704943,stdnmi:0.0,stdacc:0.0,stdari:0.0

