SC:30.0
loss:-1.2396435737609863 epoch:490 acc:0.32166666666666666 nmi:0.12656901622799138 accMax:0.4691666666666667 nmiMax:0.2752194834309809 ariMax:0.1679757273437403 curepoch:290
hid_units:512,lr:0.001,l2_coef:0.0001,reg_coef:1e-05,acc:0.3408333333333333,nmi:0.1483783102442473，Ari:0.07296862585736524,stdnmi:0.0,stdacc:0.0,stdari:0.0

