SC:7.0
loss:-70.4407958984375 epoch:490 acc:0.2783333333333333 nmi:0.06893948622844645 accMax:0.5566666666666666 nmiMax:0.3523333328014942 ariMax:0.25333795166772444 curepoch:110
hid_units:512,lr:0.001,l2_coef:0.0001,reg_coef:1e-05,acc:0.2758333333333333,nmi:0.06717141209102492，Ari:0.037743871123945734,stdnmi:0.0,stdacc:0.0,stdari:0.0

