SC:4.0
loss:-10.240482330322266 epoch:490 acc:0.30083333333333334 nmi:0.11409952416758448 accMax:0.5116666666666667 nmiMax:0.3472905653948435 ariMax:0.2851346020620744 curepoch:150
hid_units:512,lr:0.001,l2_coef:0.0001,reg_coef:1e-05,acc:0.30083333333333334,nmi:0.10961630383294267，Ari:0.04852314452821241,stdnmi:0.0,stdacc:0.0,stdari:0.0

