SC:20.0
loss:-121.34355926513672 epoch:490 acc:0.26416666666666666 nmi:0.05341835007458369 accMax:0.535 nmiMax:0.33045115379665857 ariMax:0.21924400702616798 curepoch:160
hid_units:512,lr:0.001,l2_coef:0.0001,reg_coef:1e-05,acc:0.26666666666666666,nmi:0.05471666330455197，Ari:0.03588424921711527,stdnmi:0.0,stdacc:0.0,stdari:0.0

