SC:3.0
loss:-2.355166435241699 epoch:490 acc:0.3 nmi:0.12201991799247529 accMax:0.5958333333333333 nmiMax:0.3605192249026436 ariMax:0.2827761667700724 curepoch:140
hid_units:512,lr:0.001,l2_coef:0.0001,reg_coef:1e-05,acc:0.35833333333333334,nmi:0.1491843186391828，Ari:0.07738401259558188,stdnmi:0.0,stdacc:0.0,stdari:0.0

