SC:6.0
loss:-59.85888671875 epoch:490 acc:0.2808333333333333 nmi:0.06861264411523334 accMax:0.5558333333333333 nmiMax:0.3487115598305694 ariMax:0.25214541119947087 curepoch:120
hid_units:512,lr:0.001,l2_coef:0.0001,reg_coef:1e-05,acc:0.2791666666666667,nmi:0.06851210788434234，Ari:0.03809148111504169,stdnmi:0.0,stdacc:0.0,stdari:0.0

