SC:50.0
loss:-15.584587097167969 epoch:490 acc:0.31166666666666665 nmi:0.10818149803273552 accMax:0.425 nmiMax:0.2715948487472643 ariMax:0.14246485136330903 curepoch:10
hid_units:512,lr:0.001,l2_coef:0.0001,reg_coef:1e-05,acc:0.275,nmi:0.07659324053099882，Ari:0.033196283541786574,stdnmi:0.0,stdacc:0.0,stdari:0.0

