SC:90.0
loss:-22.451791763305664 epoch:490 acc:0.31 nmi:0.10012016643955503 accMax:0.38916666666666666 nmiMax:0.2904074365171986 ariMax:0.11444979064461704 curepoch:10
hid_units:512,lr:0.001,l2_coef:0.0001,reg_coef:1e-05,acc:0.30666666666666664,nmi:0.10027670452773242，Ari:0.047765110976584736,stdnmi:0.0,stdacc:0.0,stdari:0.0

