SC:9.0
loss:0.19232216477394104 epoch:490 acc:0.49266666666666664 nmi:0.3163733006042751 accMax:0.552 nmiMax:0.3624903840965118 ariMax:0.3162870238717372 curepoch:300
hid_units:512,lr:0.0001,l2_coef:0.01,reg_coef:1e-05,acc:0.488,nmi:0.3182217876034997，Ari:0.30456474761313146,stdnmi:0.0,stdacc:0.0,stdari:0.0

