SC:30.0
loss:0.4836665987968445 epoch:490 acc:0.5546666666666666 nmi:0.3575187353128715 accMax:0.5546666666666666 nmiMax:0.3575187353128715 ariMax:0.3240618408705394 curepoch:490
hid_units:512,lr:0.0001,l2_coef:0.01,reg_coef:1e-05,acc:0.5273333333333333,nmi:0.32749707302488684，Ari:0.2870380465528915,stdnmi:0.0,stdacc:0.0,stdari:0.0

