SC:6.0
loss:0.12159787118434906 epoch:490 acc:0.49333333333333335 nmi:0.31092351925361866 accMax:0.556 nmiMax:0.34483299537995843 ariMax:0.3454012818771267 curepoch:400
hid_units:512,lr:0.0001,l2_coef:0.01,reg_coef:1e-05,acc:0.49333333333333335,nmi:0.3066635373538516，Ari:0.2987972348704765,stdnmi:0.0,stdacc:0.0,stdari:0.0

