SC:50.0
loss:1.0164048671722412 epoch:490 acc:0.4846666666666667 nmi:0.3193654788311352 accMax:0.498 nmiMax:0.31980021754174465 ariMax:0.2716887694521534 curepoch:380
hid_units:512,lr:0.0001,l2_coef:0.01,reg_coef:1e-05,acc:0.5086666666666667,nmi:0.29757694306824783，Ari:0.2729176183439464,stdnmi:0.0,stdacc:0.0,stdari:0.0

