SC:20.0
loss:0.33265528082847595 epoch:490 acc:0.538 nmi:0.34387471440430567 accMax:0.5713333333333334 nmiMax:0.3609691220969931 ariMax:0.3170192789313421 curepoch:320
hid_units:512,lr:0.0001,l2_coef:0.01,reg_coef:1e-05,acc:0.5513333333333333,nmi:0.34867985761578035，Ari:0.3243507032620517,stdnmi:0.0,stdacc:0.0,stdari:0.0

