SC:5.0
loss:0.07966270297765732 epoch:490 acc:0.49666666666666665 nmi:0.3096394655474838 accMax:0.548 nmiMax:0.3519302289737179 ariMax:0.30049180399909137 curepoch:280
hid_units:512,lr:0.0001,l2_coef:0.01,reg_coef:1e-05,acc:0.4666666666666667,nmi:0.27566772555139313，Ari:0.2695563733904727,stdnmi:0.0,stdacc:0.0,stdari:0.0

