SC:3.0
loss:-0.09902487695217133 epoch:490 acc:0.41733333333333333 nmi:0.22094612654629617 accMax:0.5773333333333334 nmiMax:0.3542549798825543 ariMax:0.35151825700814227 curepoch:320
hid_units:512,lr:0.0001,l2_coef:0.01,reg_coef:1e-05,acc:0.406,nmi:0.22046071904773548，Ari:0.18616873630277894,stdnmi:0.0,stdacc:0.0,stdari:0.0

