SC:2.0
loss:-0.24966412782669067 epoch:490 acc:0.3993333333333333 nmi:0.1962726488405872 accMax:0.5606666666666666 nmiMax:0.38566694254059564 ariMax:0.3061019979813232 curepoch:120
hid_units:512,lr:0.0001,l2_coef:0.01,reg_coef:1e-05,acc:0.402,nmi:0.18237015199244186，Ari:0.15989175611665654,stdnmi:0.0,stdacc:0.0,stdari:0.0

