SC:8.0
loss:-2.1933536529541016 epoch:490 acc:0.29044117647058826 nmi:0.029362762976813426 accMax:0.9797794117647058 nmiMax:0.9374787293223499 ariMax:0.943376555718954 curepoch:200
hid_units:512,lr:0.001,l2_coef:0.001,reg_coef:0.0001,acc:0.28125,nmi:0.024494271263847338，Ari:0.007470133396457823,stdnmi:0.0,stdacc:0.0,stdari:0.0

