SC:5.0
loss:-1.7066904306411743 epoch:490 acc:0.2977941176470588 nmi:0.026118451042605503 accMax:0.9742647058823529 nmiMax:0.9145002272444114 ariMax:0.9305206492113133 curepoch:40
hid_units:512,lr:0.001,l2_coef:0.001,reg_coef:0.0001,acc:0.2867647058823529,nmi:0.023596593393760447，Ari:0.009223565657356362,stdnmi:0.0,stdacc:0.0,stdari:0.0

