SC:40.0
loss:-148.76490783691406 epoch:490 acc:0.3180147058823529 nmi:0.021083132098260213 accMax:0.9613970588235294 nmiMax:0.8816932438013161 ariMax:0.8942631283233309 curepoch:140
hid_units:512,lr:0.001,l2_coef:0.001,reg_coef:0.0001,acc:0.30514705882352944,nmi:0.01459664433241554，Ari:0.014534028803688929,stdnmi:0.0,stdacc:0.0,stdari:0.0

