SC:3.0
loss:-1.677401065826416 epoch:490 acc:0.2867647058823529 nmi:0.04319201878944953 accMax:0.9779411764705882 nmiMax:0.9262180526551738 ariMax:0.9364316837840017 curepoch:60
hid_units:512,lr:0.001,l2_coef:0.001,reg_coef:0.0001,acc:0.29963235294117646,nmi:0.04677842209353305，Ari:0.01835943888367702,stdnmi:0.0,stdacc:0.0,stdari:0.0

