SC:50.0
loss:-46.109527587890625 epoch:490 acc:0.3014705882352941 nmi:0.018832648166397067 accMax:0.9705882352941176 nmiMax:0.9065884610003718 ariMax:0.9204128698485102 curepoch:220
hid_units:512,lr:0.001,l2_coef:0.001,reg_coef:0.0001,acc:0.3088235294117647,nmi:0.013217407823218586，Ari:0.011235424702678524,stdnmi:0.0,stdacc:0.0,stdari:0.0

