SC:1.0
loss:-2.0375864505767822 epoch:490 acc:0.31433823529411764 nmi:0.0603209700386195 accMax:0.9761029411764706 nmiMax:0.9196476171825774 ariMax:0.9326833991403035 curepoch:40
hid_units:512,lr:0.001,l2_coef:0.001,reg_coef:0.0001,acc:0.29963235294117646,nmi:0.05562728842684637，Ari:0.032604747071369324,stdnmi:0.0,stdacc:0.0,stdari:0.0

