SC:90.0
loss:-57.92301559448242 epoch:490 acc:0.3272058823529412 nmi:0.016765555181193253 accMax:0.9613970588235294 nmiMax:0.8821658892591286 ariMax:0.892169204330684 curepoch:190
hid_units:512,lr:0.001,l2_coef:0.001,reg_coef:0.0001,acc:0.32536764705882354,nmi:0.017416379977371117，Ari:0.012585612277530312,stdnmi:0.0,stdacc:0.0,stdari:0.0

