SC:7.0
loss:-2.1708950996398926 epoch:490 acc:0.28125 nmi:0.0413898402317915 accMax:0.9797794117647058 nmiMax:0.9339436494560657 ariMax:0.9392629889108632 curepoch:40
hid_units:512,lr:0.001,l2_coef:0.001,reg_coef:0.0001,acc:0.28860294117647056,nmi:0.038571551627785965，Ari:0.01657314093834079,stdnmi:0.0,stdacc:0.0,stdari:0.0

