SC:60.0
loss:-56.188968658447266 epoch:490 acc:0.3069852941176471 nmi:0.011535400457130399 accMax:0.9558823529411765 nmiMax:0.8724358991670066 ariMax:0.8831778264031558 curepoch:200
hid_units:512,lr:0.001,l2_coef:0.001,reg_coef:0.0001,acc:0.29411764705882354,nmi:0.014650380953424472，Ari:0.012113369745532579,stdnmi:0.0,stdacc:0.0,stdari:0.0

