SC:100.0
loss:-59.33971405029297 epoch:490 acc:0.32169117647058826 nmi:0.018486525845389037 accMax:0.9117647058823529 nmiMax:0.7949647447826359 ariMax:0.7919640086788898 curepoch:190
hid_units:512,lr:0.001,l2_coef:0.001,reg_coef:0.0001,acc:0.3272058823529412,nmi:0.02138445604832759，Ari:0.015317451929631075,stdnmi:0.0,stdacc:0.0,stdari:0.0

