SC:70.0
loss:-6180.6484375 epoch:490 acc:0.5562130177514792 nmi:0.5275625421843106 accMax:0.6982248520710059 nmiMax:0.6489546440050207 ariMax:0.5648848822381142 curepoch:180
hid:512,lr:0.001,l2_coef:0.001,reg_coef:0.0001,acc:0.5502958579881657,nmi:0.49603812348191223，Ari:0.3820206084898136,stdnmi:0.0,stdacc:0.0,stdari:0.0

