SC:2.0
loss:-17049.99609375 epoch:490 acc:0.7337278106508875 nmi:0.7004944327121266 accMax:0.7928994082840237 nmiMax:0.6980031649800783 ariMax:0.6918355618459271 curepoch:290
hid:512,lr:0.001,l2_coef:0.001,reg_coef:0.0001,acc:0.6863905325443787,nmi:0.6455232741951675，Ari:0.6000010387238954,stdnmi:0.0,stdacc:0.0,stdari:0.0

