SC:10.0
loss:-8636.87890625 epoch:490 acc:0.8402366863905325 nmi:0.6900107526578475 accMax:0.8994082840236687 nmiMax:0.7828371782492697 ariMax:0.7923298344838888 curepoch:140
hid:512,lr:0.001,l2_coef:0.001,reg_coef:0.0001,acc:0.7159763313609467,nmi:0.6456560618247256，Ari:0.5726271138261311,stdnmi:0.0,stdacc:0.0,stdari:0.0

