SC:50.0
loss:-8919.787109375 epoch:490 acc:0.6035502958579881 nmi:0.4962676484093956 accMax:0.7218934911242604 nmiMax:0.5653044334142479 ariMax:0.5297422588103898 curepoch:420
hid:512,lr:0.001,l2_coef:0.001,reg_coef:0.0001,acc:0.7041420118343196,nmi:0.5619706398333918，Ari:0.5283972167690353,stdnmi:0.0,stdacc:0.0,stdari:0.0

