SC:20.0
loss:-6157.4375 epoch:490 acc:0.7514792899408284 nmi:0.6497899531364497 accMax:0.8698224852071006 nmiMax:0.7316786848199932 ariMax:0.7635678057116876 curepoch:260
hid:512,lr:0.001,l2_coef:0.001,reg_coef:0.0001,acc:0.7396449704142012,nmi:0.6543167502701989，Ari:0.6391663413301021,stdnmi:0.0,stdacc:0.0,stdari:0.0

