SC:9.0
loss:-11962.7431640625 epoch:490 acc:0.8165680473372781 nmi:0.7247841848040038 accMax:0.9171597633136095 nmiMax:0.801330636603593 ariMax:0.8345063858732706 curepoch:120
hid:512,lr:0.001,l2_coef:0.001,reg_coef:0.0001,acc:0.8165680473372781,nmi:0.7347142393043627，Ari:0.71766643731247,stdnmi:0.0,stdacc:0.0,stdari:0.0

