SC:60.0
loss:-8372.716796875 epoch:490 acc:0.7751479289940828 nmi:0.6317996610038681 accMax:0.7751479289940828 nmiMax:0.6342071398786594 ariMax:0.6272619177031761 curepoch:450
hid:512,lr:0.001,l2_coef:0.001,reg_coef:0.0001,acc:0.7337278106508875,nmi:0.5957130021415384，Ari:0.6051705609074867,stdnmi:0.0,stdacc:0.0,stdari:0.0

