SC:90.0
loss:-4540.51318359375 epoch:490 acc:0.6035502958579881 nmi:0.501337366704613 accMax:0.6686390532544378 nmiMax:0.5299451984972996 ariMax:0.47219248238871014 curepoch:180
hid:512,lr:0.001,l2_coef:0.001,reg_coef:0.0001,acc:0.5976331360946746,nmi:0.5028055813071901，Ari:0.4617550750245002,stdnmi:0.0,stdacc:0.0,stdari:0.0

