SC:1.0
loss:-7658.712890625 epoch:490 acc:0.8284023668639053 nmi:0.6870373459047315 accMax:0.8757396449704142 nmiMax:0.7289715912241472 ariMax:0.7574445454320039 curepoch:290
hid:512,lr:0.001,l2_coef:0.001,reg_coef:0.0001,acc:0.8579881656804734,nmi:0.7046611246048591，Ari:0.7444494682599404,stdnmi:0.0,stdacc:0.0,stdari:0.0

