SC:8.0
loss:-9232.3466796875 epoch:490 acc:0.6745562130177515 nmi:0.6475346970226473 accMax:0.893491124260355 nmiMax:0.7637998991774393 ariMax:0.7912103690552429 curepoch:130
hid:512,lr:0.001,l2_coef:0.001,reg_coef:0.0001,acc:0.7869822485207101,nmi:0.6675303560532686，Ari:0.6675771105068854,stdnmi:0.0,stdacc:0.0,stdari:0.0

