SC:10.0
loss:-11460.5107421875 epoch:490 acc:0.7255474452554744 nmi:0.6575004709678267 accMax:0.9343065693430657 nmiMax:0.8033668605894502 ariMax:0.8443039392276824 curepoch:180
hid_units:256,lr:0.01,l2_coef:1e-05,reg_coef:0.0001,acc:0.7328467153284671,nmi:0.6583122198206743，Ari:0.6912692568115059,stdnmi:0.0,stdacc:0.0,stdari:0.0

