SC:20.0
loss:-7872.3671875 epoch:490 acc:0.7635036496350365 nmi:0.6090052457855364 accMax:0.8277372262773722 nmiMax:0.7084640157358457 ariMax:0.7653792786575684 curepoch:260
hid_units:256,lr:0.01,l2_coef:1e-05,reg_coef:0.0001,acc:0.7883211678832117,nmi:0.6337876327498189，Ari:0.6743108187093313,stdnmi:0.0,stdacc:0.0,stdari:0.0

