SC:100.0
loss:-9696.8681640625 epoch:490 acc:0.6642335766423357 nmi:0.42812284233718323 accMax:0.6875912408759124 nmiMax:0.43835629302951234 ariMax:0.47583287217027737 curepoch:480
hid_units:256,lr:0.01,l2_coef:1e-05,reg_coef:0.0001,acc:0.6978102189781021,nmi:0.4706467632379839，Ari:0.5097931286696561,stdnmi:0.0,stdacc:0.0,stdari:0.0

