SC:2.0
loss:-2876.45654296875 epoch:490 acc:0.9094890510948905 nmi:0.7548608477268711 accMax:0.9124087591240876 nmiMax:0.7655505835393559 ariMax:0.8011357515539509 curepoch:280
hid_units:256,lr:0.01,l2_coef:1e-05,reg_coef:0.0001,acc:0.908029197080292,nmi:0.7538638525257501，Ari:0.7912391214578803,stdnmi:0.0,stdacc:0.0,stdari:0.0

