SC:60.0
loss:-8262.2548828125 epoch:490 acc:0.8 nmi:0.6670511411287092 accMax:0.8175182481751825 nmiMax:0.6922984943013395 ariMax:0.7515992742622626 curepoch:440
hid_units:256,lr:0.01,l2_coef:1e-05,reg_coef:0.0001,acc:0.8087591240875912,nmi:0.6745818537457765，Ari:0.7295754698845406,stdnmi:0.0,stdacc:0.0,stdari:0.0

