SC:0.0
loss:-3369.499755859375 epoch:490 acc:0.9153284671532846 nmi:0.7637068310958492 accMax:0.9153284671532846 nmiMax:0.7637068310958492 ariMax:0.8045911191005404 curepoch:490
hid_units:256,lr:0.01,l2_coef:1e-05,reg_coef:0.0001,acc:0.8817518248175182,nmi:0.7202587647574846，Ari:0.7534513175514369,stdnmi:0.0,stdacc:0.0,stdari:0.0

