SC:90.0
loss:-10177.30859375 epoch:490 acc:0.6759124087591241 nmi:0.491359524000316 accMax:0.7708029197080292 nmiMax:0.5546754346205778 ariMax:0.6219755671898234 curepoch:400
hid_units:256,lr:0.01,l2_coef:1e-05,reg_coef:0.0001,acc:0.7372262773722628,nmi:0.5250755643225734，Ari:0.5413237547585713,stdnmi:0.0,stdacc:0.0,stdari:0.0

