SC:0.0
loss:-3.1060521602630615 epoch:490 acc:0.3125 nmi:0.059426888512461584 accMax:0.9742647058823529 nmiMax:0.9170210973862578 ariMax:0.928744340834886 curepoch:70
hid_units:512,lr:0.001,l2_coef:0.001,reg_coef:0.0001,acc:0.3161764705882353,nmi:0.05841460827120932，Ari:0.03482404906428922,stdnmi:0.0,stdacc:0.0,stdari:0.0

