SC:9.0
loss:-3.0334877967834473 epoch:490 acc:0.31433823529411764 nmi:0.045116769723975866 accMax:0.9779411764705882 nmiMax:0.9295074803099506 ariMax:0.9369790731569232 curepoch:50
hid_units:512,lr:0.001,l2_coef:0.001,reg_coef:0.0001,acc:0.3088235294117647,nmi:0.029643063297008478，Ari:0.01254788089818086,stdnmi:0.0,stdacc:0.0,stdari:0.0

