SC:80.0
loss:-52.237186431884766 epoch:490 acc:0.28860294117647056 nmi:0.011672489351461472 accMax:0.9669117647058824 nmiMax:0.8926492805284629 ariMax:0.9083060502849833 curepoch:180
hid_units:512,lr:0.001,l2_coef:0.001,reg_coef:0.0001,acc:0.3327205882352941,nmi:0.019356239490617683，Ari:0.01458341844091458,stdnmi:0.0,stdacc:0.0,stdari:0.0

