SC:20.0
loss:-29.80986976623535 epoch:490 acc:0.3014705882352941 nmi:0.015566989787571973 accMax:0.9705882352941176 nmiMax:0.9116415669259201 ariMax:0.9195017184261363 curepoch:70
hid_units:512,lr:0.001,l2_coef:0.001,reg_coef:0.0001,acc:0.28860294117647056,nmi:0.018245723800027824，Ari:0.015124396282011954,stdnmi:0.0,stdacc:0.0,stdari:0.0

