SC:30.0
loss:-83.61328125 epoch:490 acc:0.3161764705882353 nmi:0.019893960642552833 accMax:0.9191176470588235 nmiMax:0.8141897667077572 ariMax:0.8447793044856127 curepoch:190
hid_units:512,lr:0.001,l2_coef:0.001,reg_coef:0.0001,acc:0.3069852941176471,nmi:0.011235448075839845，Ari:0.018219598191459022,stdnmi:0.0,stdacc:0.0,stdari:0.0

