SC:6.0
loss:-1.7524504661560059 epoch:490 acc:0.28308823529411764 nmi:0.03712972739975645 accMax:0.9797794117647058 nmiMax:0.9370273793442969 ariMax:0.9423763178629955 curepoch:140
hid_units:512,lr:0.001,l2_coef:0.001,reg_coef:0.0001,acc:0.2867647058823529,nmi:0.04100693208967095，Ari:0.01692290380573196,stdnmi:0.0,stdacc:0.0,stdari:0.0

