SC:2.0
loss:-1.8058475255966187 epoch:490 acc:0.3088235294117647 nmi:0.06002432891385997 accMax:0.9761029411764706 nmiMax:0.919611188508961 ariMax:0.9360703016606893 curepoch:70
hid_units:512,lr:0.001,l2_coef:0.001,reg_coef:0.0001,acc:0.3088235294117647,nmi:0.05901739259855102，Ari:0.03639043188237126,stdnmi:0.0,stdacc:0.0,stdari:0.0

