SC:4.0
loss:-1.6265474557876587 epoch:490 acc:0.2867647058823529 nmi:0.03429300913700712 accMax:0.9742647058823529 nmiMax:0.9151001496233981 ariMax:0.9316175690742097 curepoch:50
hid_units:512,lr:0.001,l2_coef:0.001,reg_coef:0.0001,acc:0.2922794117647059,nmi:0.04127222179822127，Ari:0.019086561521107763,stdnmi:0.0,stdacc:0.0,stdari:0.0

