SC:70.0
loss:-56.52573013305664 epoch:490 acc:0.30330882352941174 nmi:0.016676578407652017 accMax:0.9724264705882353 nmiMax:0.9089815741898776 ariMax:0.9242401626903561 curepoch:190
hid_units:512,lr:0.001,l2_coef:0.001,reg_coef:0.0001,acc:0.28860294117647056,nmi:0.01211918077537262，Ari:0.008664997577319627,stdnmi:0.0,stdacc:0.0,stdari:0.0

