SC:5.0
loss:-13169.6572265625 epoch:490 acc:0.8284023668639053 nmi:0.6872053557966363 accMax:0.8461538461538461 nmiMax:0.6956185120014874 ariMax:0.7394666223268075 curepoch:390
hid:512,lr:0.001,l2_coef:0.001,reg_coef:0.0001,acc:0.8106508875739645,nmi:0.6762127992642535，Ari:0.6867663197543024,stdnmi:0.0,stdacc:0.0,stdari:0.0

