SC:40.0
loss:-11407.3642578125 epoch:490 acc:0.6449704142011834 nmi:0.5747549717096796 accMax:0.757396449704142 nmiMax:0.6672718418845037 ariMax:0.6034155268339452 curepoch:220
hid:512,lr:0.001,l2_coef:0.001,reg_coef:0.0001,acc:0.6449704142011834,nmi:0.590231898422315，Ari:0.5181870175142355,stdnmi:0.0,stdacc:0.0,stdari:0.0

