SC:4.0
loss:-14536.0087890625 epoch:490 acc:0.591715976331361 nmi:0.582088011893069 accMax:0.8165680473372781 nmiMax:0.6997808742081966 ariMax:0.7662472587671502 curepoch:300
hid:512,lr:0.001,l2_coef:0.001,reg_coef:0.0001,acc:0.6686390532544378,nmi:0.630801264116973，Ari:0.6066904303573135,stdnmi:0.0,stdacc:0.0,stdari:0.0

