SC:80.0
loss:-6791.173828125 epoch:490 acc:0.5857988165680473 nmi:0.5544112286350489 accMax:0.6804733727810651 nmiMax:0.6017404165353797 ariMax:0.525196931562902 curepoch:460
hid:512,lr:0.001,l2_coef:0.001,reg_coef:0.0001,acc:0.6331360946745562,nmi:0.5850768357730188，Ari:0.4789207676847026,stdnmi:0.0,stdacc:0.0,stdari:0.0

