SC:6.0
loss:-13689.0283203125 epoch:490 acc:0.7396449704142012 nmi:0.6639020196424894 accMax:0.7692307692307693 nmiMax:0.6608894137460793 ariMax:0.6790756822757633 curepoch:200
hid:512,lr:0.001,l2_coef:0.001,reg_coef:0.0001,acc:0.7159763313609467,nmi:0.6697632766665366，Ari:0.6282454389506755,stdnmi:0.0,stdacc:0.0,stdari:0.0

