SC:100.0
loss:-5693.32275390625 epoch:490 acc:0.44970414201183434 nmi:0.465449977811376 accMax:0.6390532544378699 nmiMax:0.4938529450196655 ariMax:0.39159502695065507 curepoch:140
hid:512,lr:0.001,l2_coef:0.001,reg_coef:0.0001,acc:0.48520710059171596,nmi:0.45574130490001663，Ari:0.3356844101895293,stdnmi:0.0,stdacc:0.0,stdari:0.0

