SC:30.0
loss:-12556.9658203125 epoch:490 acc:0.6094674556213018 nmi:0.569675175135643 accMax:0.7869822485207101 nmiMax:0.7239797756776596 ariMax:0.6534132570722208 curepoch:130
hid:512,lr:0.001,l2_coef:0.001,reg_coef:0.0001,acc:0.5857988165680473,nmi:0.5681799524748765，Ari:0.4194723751122593,stdnmi:0.0,stdacc:0.0,stdari:0.0

