SC:7.0
loss:-14892.2900390625 epoch:490 acc:0.8284023668639053 nmi:0.7085935021998288 accMax:0.8994082840236687 nmiMax:0.7788159733180414 ariMax:0.7950098148087482 curepoch:100
hid:512,lr:0.001,l2_coef:0.001,reg_coef:0.0001,acc:0.7514792899408284,nmi:0.6677197750868792，Ari:0.6418476834315023,stdnmi:0.0,stdacc:0.0,stdari:0.0

