SC:0.0
loss:-12766.6884765625 epoch:490 acc:0.7810650887573964 nmi:0.6652046643908027 accMax:0.8165680473372781 nmiMax:0.6823723803601559 ariMax:0.7169483560484063 curepoch:330
hid:512,lr:0.001,l2_coef:0.001,reg_coef:0.0001,acc:0.7928994082840237,nmi:0.6860372171509495，Ari:0.6873798073429248,stdnmi:0.0,stdacc:0.0,stdari:0.0

