SC:3.0
loss:-13583.7265625 epoch:490 acc:0.7455621301775148 nmi:0.6436032779814723 accMax:0.9112426035502958 nmiMax:0.8004845471926151 ariMax:0.8330739506803017 curepoch:80
hid:512,lr:0.001,l2_coef:0.001,reg_coef:0.0001,acc:0.7514792899408284,nmi:0.6440046009416772，Ari:0.6307712375821848,stdnmi:0.0,stdacc:0.0,stdari:0.0

