SC:3.0
loss:1.1147724390029907 epoch:490 acc:0.24619047619047618 nmi:0.32346331957767943 accMax:0.2776190476190476 nmiMax:0.3261394518547239 ariMax:0.13028241313927438 curepoch:170
hid_units:256,lr:0.0001,l2_coef:0.001,reg_coef:0.0001,acc:0.25666666666666665,nmi:0.33993829332433184，Ari:0.12325992594508983,stdnmi:0.0,stdacc:0.0,stdari:0.0

