SC:8.0
loss:1.4093821048736572 epoch:490 acc:0.25857142857142856 nmi:0.337647870008962 accMax:0.28476190476190477 nmiMax:0.35213353922492735 ariMax:0.13246304920089522 curepoch:460
hid_units:256,lr:0.0001,l2_coef:0.001,reg_coef:0.0001,acc:0.2623809523809524,nmi:0.33983200788505047，Ari:0.11514300082461545,stdnmi:0.0,stdacc:0.0,stdari:0.0

