SC:2.0
loss:1.0683586597442627 epoch:490 acc:0.2580952380952381 nmi:0.3410092749552125 accMax:0.2823809523809524 nmiMax:0.3256882873743866 ariMax:0.13009180344449608 curepoch:180
hid_units:256,lr:0.0001,l2_coef:0.001,reg_coef:0.0001,acc:0.24904761904761905,nmi:0.33114058623834125，Ari:0.11428929447717116,stdnmi:0.0,stdacc:0.0,stdari:0.0

