SC:60.0
loss:2.072190284729004 epoch:490 acc:0.2480952380952381 nmi:0.3325967523637467 accMax:0.26476190476190475 nmiMax:0.3376988847912838 ariMax:0.12410172720820663 curepoch:440
hid_units:256,lr:0.0001,l2_coef:0.001,reg_coef:0.0001,acc:0.2342857142857143,nmi:0.3210358389093902，Ari:0.10696876224677827,stdnmi:0.0,stdacc:0.0,stdari:0.0

