SC:7.0
loss:1.3557931184768677 epoch:490 acc:0.26 nmi:0.3435206082781102 accMax:0.2823809523809524 nmiMax:0.34793794569870545 ariMax:0.1360267146085965 curepoch:320
hid_units:256,lr:0.0001,l2_coef:0.001,reg_coef:0.0001,acc:0.2633333333333333,nmi:0.3329043746940306，Ari:0.12164024408570834,stdnmi:0.0,stdacc:0.0,stdari:0.0

