SC:4.0
loss:1.175984501838684 epoch:490 acc:0.26285714285714284 nmi:0.33692719830591406 accMax:0.2838095238095238 nmiMax:0.35226781889016284 ariMax:0.13086440456991028 curepoch:450
hid_units:256,lr:0.0001,l2_coef:0.001,reg_coef:0.0001,acc:0.26761904761904765,nmi:0.34581760349772517，Ari:0.12829829309709942,stdnmi:0.0,stdacc:0.0,stdari:0.0

