SC:0.0
loss:1.0753860473632812 epoch:490 acc:0.2561904761904762 nmi:0.33374574158557424 accMax:0.2776190476190476 nmiMax:0.32129216213956197 ariMax:0.12874924636566634 curepoch:170
hid_units:256,lr:0.0001,l2_coef:0.001,reg_coef:0.0001,acc:0.2642857142857143,nmi:0.341517743766599，Ari:0.12065267473688893,stdnmi:0.0,stdacc:0.0,stdari:0.0

