SC:9.0
loss:1.4580914974212646 epoch:490 acc:0.26285714285714284 nmi:0.33477581727217415 accMax:0.2795238095238095 nmiMax:0.30045873312937754 ariMax:0.12719075525589071 curepoch:80
hid_units:256,lr:0.0001,l2_coef:0.001,reg_coef:0.0001,acc:0.2842857142857143,nmi:0.34991015683141363，Ari:0.12780694297530085,stdnmi:0.0,stdacc:0.0,stdari:0.0

