SC:5.0
loss:1.2377188205718994 epoch:490 acc:0.25142857142857145 nmi:0.3342621101125933 accMax:0.2833333333333333 nmiMax:0.3504448581690753 ariMax:0.1383719985441481 curepoch:330
hid_units:256,lr:0.0001,l2_coef:0.001,reg_coef:0.0001,acc:0.2542857142857143,nmi:0.3322955537227546，Ari:0.12078483774260301,stdnmi:0.0,stdacc:0.0,stdari:0.0

