SC:100.0
loss:2.113156795501709 epoch:490 acc:0.2752380952380952 nmi:0.3421744367530558 accMax:0.2752380952380952 nmiMax:0.3421744367530558 ariMax:0.12442538393287007 curepoch:490
hid_units:256,lr:0.0001,l2_coef:0.001,reg_coef:0.0001,acc:0.2542857142857143,nmi:0.33670699588655917，Ari:0.11540413884885231,stdnmi:0.0,stdacc:0.0,stdari:0.0

