SC:6.0
loss:1.298385500907898 epoch:490 acc:0.26285714285714284 nmi:0.34130490337864405 accMax:0.2866666666666667 nmiMax:0.34142383164659534 ariMax:0.1324140580256002 curepoch:250
hid_units:256,lr:0.0001,l2_coef:0.001,reg_coef:0.0001,acc:0.26142857142857145,nmi:0.32909052086215196，Ari:0.12132056589845265,stdnmi:0.0,stdacc:0.0,stdari:0.0

