SC:1.0
loss:-0.8849197626113892 epoch:490 acc:0.757396449704142 nmi:0.7201217841674125 accMax:0.757396449704142 nmiMax:0.7046867990511215 ariMax:0.6481027058958796 curepoch:40
hid_units:256,lr:0.001,l2_coef:1e-05,reg_coef:1e-05,acc:0.7159763313609467,nmi:0.6689079305192233，Ari:0.5874376198521759,stdnmi:0.0,stdacc:0.0,stdari:0.0

