SC:30.0
loss:0.04334639012813568 epoch:490 acc:0.7100591715976331 nmi:0.7001997425988199 accMax:0.9053254437869822 nmiMax:0.7940995571535074 ariMax:0.7988812569213077 curepoch:410
hid_units:256,lr:0.001,l2_coef:1e-05,reg_coef:1e-05,acc:0.727810650887574,nmi:0.7106588020968156，Ari:0.5838226722448092,stdnmi:0.0,stdacc:0.0,stdari:0.0

