SC:4.0
loss:-0.2887910306453705 epoch:490 acc:0.6627218934911243 nmi:0.6545190473772363 accMax:0.8165680473372781 nmiMax:0.740762954572442 ariMax:0.6723367010460594 curepoch:230
hid_units:256,lr:0.001,l2_coef:1e-05,reg_coef:1e-05,acc:0.6035502958579881,nmi:0.593345233941913，Ari:0.46292934079352643,stdnmi:0.0,stdacc:0.0,stdari:0.0

