SC:7.0
loss:-0.1034565418958664 epoch:490 acc:0.8520710059171598 nmi:0.7575758028876264 accMax:0.9112426035502958 nmiMax:0.805357761310471 ariMax:0.8160005713716083 curepoch:110
hid_units:256,lr:0.001,l2_coef:1e-05,reg_coef:1e-05,acc:0.8284023668639053,nmi:0.7455498557639662，Ari:0.6706049036869886,stdnmi:0.0,stdacc:0.0,stdari:0.0

