SC:3.0
loss:-0.6980377435684204 epoch:490 acc:0.7514792899408284 nmi:0.6733535740731871 accMax:0.8994082840236687 nmiMax:0.7799804338852567 ariMax:0.7946520492868643 curepoch:90
hid_units:256,lr:0.001,l2_coef:1e-05,reg_coef:1e-05,acc:0.650887573964497,nmi:0.6754178766502182，Ari:0.5438568447634481,stdnmi:0.0,stdacc:0.0,stdari:0.0

