SC:8.0
loss:-0.017557363957166672 epoch:490 acc:0.7514792899408284 nmi:0.7412323978111043 accMax:0.9053254437869822 nmiMax:0.7904386331161292 ariMax:0.8163087765534615 curepoch:270
hid_units:256,lr:0.001,l2_coef:1e-05,reg_coef:1e-05,acc:0.8284023668639053,nmi:0.7416382739554169，Ari:0.6843307937108747,stdnmi:0.0,stdacc:0.0,stdari:0.0

