SC:20.0
loss:-0.04439274221658707 epoch:490 acc:0.6390532544378699 nmi:0.6725768937446793 accMax:0.893491124260355 nmiMax:0.7730945985971401 ariMax:0.7705972171731105 curepoch:420
hid_units:256,lr:0.001,l2_coef:1e-05,reg_coef:1e-05,acc:0.9053254437869822,nmi:0.7801267348907526，Ari:0.7900690941287211,stdnmi:0.0,stdacc:0.0,stdari:0.0

