SC:30.0
loss:4326071.5 epoch:490 acc:0.7523809523809524 nmi:0.7013613523100339 accMax:0.8809523809523809 nmiMax:0.7825504944522883 ariMax:0.7412552354073586 curepoch:460
hid_units:128,lr:0.0001,l2_coef:1e-05,reg_coef:0.001,acc:0.7333333333333333,nmi:0.6464862559553044，Ari:0.5573586442598856,stdnmi:0.0,stdacc:0.0,stdari:0.0

