SC:70.0
loss:4250876.0 epoch:490 acc:0.7238095238095238 nmi:0.660146908504955 accMax:0.8285714285714286 nmiMax:0.7166097664424681 ariMax:0.6446827162991436 curepoch:410
hid_units:128,lr:0.0001,l2_coef:1e-05,reg_coef:0.001,acc:0.719047619047619,nmi:0.6859407246188349，Ari:0.6072755718959373,stdnmi:0.0,stdacc:0.0,stdari:0.0

