SC:60.0
loss:4244873.5 epoch:490 acc:0.7904761904761904 nmi:0.7040008589301445 accMax:0.8476190476190476 nmiMax:0.7478613457608063 ariMax:0.6936957137885631 curepoch:370
hid_units:128,lr:0.0001,l2_coef:1e-05,reg_coef:0.001,acc:0.8428571428571429,nmi:0.762962688480257，Ari:0.6828228646159334,stdnmi:0.0,stdacc:0.0,stdari:0.0

