SC:10.0
loss:4565657.5 epoch:490 acc:0.8238095238095238 nmi:0.7275473806946301 accMax:0.8761904761904762 nmiMax:0.7794398111666696 ariMax:0.737495939654239 curepoch:290
hid_units:128,lr:0.0001,l2_coef:1e-05,reg_coef:0.001,acc:0.8047619047619048,nmi:0.7013224126962466，Ari:0.6390476658960106,stdnmi:0.0,stdacc:0.0,stdari:0.0

