SC:6.0
loss:4642466.0 epoch:490 acc:0.8142857142857143 nmi:0.7088815946789693 accMax:0.8666666666666667 nmiMax:0.7664334536677757 ariMax:0.7162344665166888 curepoch:210
hid_units:128,lr:0.0001,l2_coef:1e-05,reg_coef:0.001,acc:0.680952380952381,nmi:0.626410347722211，Ari:0.5142852676501086,stdnmi:0.0,stdacc:0.0,stdari:0.0

