SC:9.0
loss:4584557.5 epoch:490 acc:0.819047619047619 nmi:0.723359517736623 accMax:0.8714285714285714 nmiMax:0.7785784879519901 ariMax:0.722789840156085 curepoch:240
hid_units:128,lr:0.0001,l2_coef:1e-05,reg_coef:0.001,acc:0.6571428571428571,nmi:0.618024833249837，Ari:0.5129141452181215,stdnmi:0.0,stdacc:0.0,stdari:0.0

