SC:100.0
loss:4297050.0 epoch:490 acc:0.7428571428571429 nmi:0.6899007456413369 accMax:0.8714285714285714 nmiMax:0.7880821950650136 ariMax:0.7253184140302112 curepoch:430
hid_units:128,lr:0.0001,l2_coef:1e-05,reg_coef:0.001,acc:0.7428571428571429,nmi:0.635173128298247，Ari:0.5494443526197583,stdnmi:0.0,stdacc:0.0,stdari:0.0

